[30000, 30000, 30000, 30000, 30000, 30000, 30000, 30000, 30000, 30000, 30000, 30000, 30000, 30000, 30000]
[30000, 40000, 30000, 30000, 30000, 30000, 30000, 30000, 30000, 30000, 30000, 40000, 30000, 20000, 40000, 20000]
[30000, 20000, 20000, 30000, 20000, 20000, 30000, 30000, 30000, 30000, 20000, 20000, 20000, 30000]
[30000, 30000, 30000, 30000, 30000, 30000, 30000, 30000, 30000, 30000, 30000, 30000, 30000, 30000, 30000]
[30000, 40000, 30000, 30000, 30000, 30000, 30000, 30000, 30000, 30000, 30000, 40000, 30000, 20000, 40000, 20000]
[30000, 20000, 20000, 30000, 20000, 20000, 30000, 30000, 30000, 30000, 20000, 20000, 20000, 30000]
[20000, 20000, 20000, 20000, 20000, 20000, 20000, 30000, 30000, 30000, 30000, 30000, 30000, 30000, 30000]
[10000, 10000, 10000, 10000, 10000, 10000, 10000, 30000, 20000, 20000, 20000, 20000, 30000, 20000, 20000, 40000]
[20000, 20000, 30000, 20000, 20000, 30000, 20000, 20000, 30000, 20000, 30000, 30000, 30000, 30000, 30000]
[20000, 20000, 30000, 30000, 20000, 20000, 30000, 30000, 20000, 20000, 30000, 30000, 30000, 30000, 30000]
[20000, 10000, 20000, 20000, 20000, 30000, 30000, 20000, 20000, 20000, 20000, 20000, 20000, 20000, 30000, 20000]
[10000, 50000, 20000, 20000, 20000, 10000, 10000, 20000, 80000, 20000, 20000, 30000, 20000, 20000, 10000, 10000]
[80000, 30000, 90000, 40000, 80000, 80000, 100000, 30000, 90000, 30000, 80000, 20000, 20000, 80000, 100000, 100000, 100000]
[20000, 20000, 30000, 10000, 20000, 20000, 20000, 30000, 20000, 20000]
[300000, 20000, 30000, 30000, 30000, 30000, 30000, 30000, 30000, 20000, 30000, 30000, 30000, 20000, 20000, 20000]
[40000, 60000, 840000, 350000, 490000, 280000, 100000, 50000, 60000, 50000, 70000, 20000, 30000, 30000, 20000]
[20000, 20000, 20000, 20000, 20000, 20000, 20000, 20000, 20000, 20000, 20000, 20000, 30000, 30000, 30000, 30000]
[20000, 20000, 20000, 20000, 20000, 20000, 20000, 30000, 20000, 20000, 20000, 20000, 20000, 20000, 20000, 20000]
[30000, 20000, 20000, 20000, 20000, 30000, 30000, 20000, 20000, 20000, 20000, 20000, 30000, 30000, 20000, 30000]
[30000, 30000, 20000, 20000, 30000, 30000, 40000, 30000, 30000, 30000, 40000, 40000, 40000, 40000, 30000, 40000]
[30000, 30000, 30000, 30000, 40000, 20000, 20000, 30000, 20000]
[20000, 10000, 10000, 10000, 10000, 10000, 10000, 20000, 10000, 10000, 10000, 10000, 10000, 10000, 10000, 10000, 10000]
[20000, 10000, 10000, 10000, 10000, 10000, 10000, 10000, 10000, 10000, 10000, 20000, 20000, 10000, 10000, 10000, 10000]
[10000, 10000, 20000, 20000, 20000, 20000, 20000, 20000, 20000, 20000, 20000, 20000, 20000, 20000, 20000, 20000]
[40000, 30000, 30000, 30000, 30000, 40000, 40000, 40000, 40000, 40000, 30000, 30000, 30000, 30000, 40000, 20000]
[30000, 30000, 30000, 30000, 30000, 30000, 30000, 30000, 30000, 30000, 30000, 30000, 30000, 30000, 20000, 20000]
[30000, 40000, 30000, 30000, 30000, 30000, 30000, 20000, 20000, 30000, 20000, 30000, 30000, 30000, 30000, 30000]
[20000, 30000, 20000, 30000, 30000, 30000, 30000, 30000, 30000, 30000, 30000, 40000, 40000, 40000, 40000, 40000]
[30000, 40000, 40000, 30000, 30000, 20000, 30000, 40000, 30000, 20000, 30000, 40000, 30000, 40000, 40000]
[40000, 50000, 40000, 20000, 20000, 20000, 20000, 20000, 20000, 20000, 20000, 20000, 20000, 20000, 20000, 20000]
[30000, 30000, 30000, 30000, 30000, 20000, 20000, 30000, 30000, 30000, 20000, 30000, 30000, 20000, 30000, 30000, 30000]
[10000, 10000, 20000, 20000, 20000, 20000, 20000, 20000, 20000, 20000, 20000, 20000, 20000, 20000, 20000, 20000]
[10000, 30000, 10000, 10000, 20000, 20000, 30000, 30000, 20000, 20000, 30000, 30000, 30000, 30000, 30000]
[320000, 50000, 50000, 50000, 30000, 50000, 30000, 50000, 30000, 30000, 90000, 60000, 50000]
[20000, 10000, 10000, 20000, 10000, 20000, 10000, 20000, 20000, 20000, 20000, 20000, 20000, 20000, 20000, 20000]
[30000, 70000, 70000, 50000, 50000, 30000, 50000, 50000, 30000, 20000, 50000, 50000, 50000, 40000, 110000]
[40000, 30000, 30000, 40000, 40000, 40000, 40000, 40000, 40000, 40000, 40000, 40000, 40000, 40000]
[40000, 40000, 40000, 40000, 40000, 40000, 40000, 40000, 40000, 40000, 30000, 30000, 40000, 50000, 50000]
[30000, 40000, 40000, 40000, 30000, 30000, 30000, 40000, 40000, 40000, 40000, 40000, 40000, 50000]
[20000, 10000, 20000, 20000, 10000, 10000, 20000, 20000, 20000, 20000, 20000, 20000, 20000, 20000, 20000, 20000, 20000]
[60000, 30000, 20000, 60000, 60000, 20000, 30000, 40000, 30000, 60000, 60000, 60000, 60000, 50000, 50000]
[30000, 40000, 30000, 30000, 30000, 20000, 30000, 20000, 30000, 30000, 30000, 30000, 20000, 20000]
[30000, 30000, 30000, 30000, 30000, 20000, 20000, 20000, 40000, 20000, 20000, 20000, 20000, 20000, 20000]
[20000, 30000, 20000, 20000, 30000, 30000, 20000, 20000, 30000, 20000, 20000, 20000, 20000, 20000, 20000, 30000, 30000]
[40000, 30000, 40000, 40000, 30000, 40000, 40000, 30000, 40000, 30000, 30000, 40000, 30000, 30000, 30000, 40000]
[30000, 30000, 30000, 30000, 30000, 20000, 30000, 20000, 20000, 20000, 30000, 30000, 30000, 30000, 30000, 30000]
[20000, 20000, 20000, 20000, 20000, 20000, 20000, 20000, 20000, 20000, 20000, 20000, 20000, 20000, 20000, 20000, 10000]
[30000, 40000, 40000, 40000, 30000, 30000, 30000, 40000, 30000, 40000, 50000, 30000, 30000, 40000, 40000, 30000, 30000]
[20000, 20000, 20000, 20000, 20000, 20000, 20000, 20000, 20000, 20000, 20000, 20000, 20000, 20000, 20000, 20000, 20000]
[40000, 10000, 20000, 10000, 10000, 10000, 20000, 30000, 30000, 20000]
[30000, 40000, 40000, 30000, 40000, 40000, 40000, 40000, 30000, 30000, 30000, 40000, 40000, 40000, 30000, 30000]
[30000, 20000, 20000, 20000, 30000, 30000, 30000, 30000, 30000, 30000, 30000, 30000, 40000, 40000, 30000]
[20000, 20000, 30000, 20000, 20000, 20000, 20000, 20000, 20000, 20000, 20000, 20000, 20000, 20000, 20000, 20000]
[50000, 50000, 40000, 50000, 40000, 40000, 40000, 40000, 40000, 40000, 40000, 40000, 40000, 40000, 40000]
[40000, 20000, 20000, 20000, 20000, 20000, 20000, 20000, 20000, 20000, 20000, 20000, 20000, 20000, 20000]
[30000, 20000, 20000, 20000, 20000, 20000, 20000, 20000, 20000, 20000, 20000, 20000, 20000, 20000, 20000, 20000]
[20000, 20000, 20000, 20000, 20000, 20000, 20000, 20000, 20000, 20000, 20000, 20000, 20000, 20000, 20000, 20000, 20000]
[10000, 10000, 10000, 20000, 20000, 20000, 20000, 10000, 20000, 20000, 20000, 20000, 20000, 20000, 30000, 20000]
[20000, 20000, 30000, 20000, 20000, 20000, 20000, 30000, 20000, 20000, 30000, 20000, 20000, 20000, 30000, 30000, 40000]
[20000, 30000, 20000, 20000, 20000, 20000, 20000, 20000, 20000, 20000, 20000, 30000, 20000, 20000, 30000, 30000]
[20000, 10000, 30000, 20000, 10000, 20000, 10000, 20000, 10000, 20000, 70000, 20000, 20000, 30000, 30000, 30000]
[40000, 40000, 40000, 40000, 30000, 40000, 40000, 30000, 30000, 40000, 40000, 40000, 30000, 40000, 40000, 40000, 40000]
[40000, 40000, 50000, 40000, 70000, 30000, 40000, 30000, 30000, 40000, 40000, 30000, 40000, 40000, 40000, 40000]
[30000, 40000, 30000, 50000, 50000, 50000, 40000, 40000, 40000, 40000, 40000, 40000, 40000, 40000, 40000]
[30000, 40000, 30000, 50000, 50000, 50000, 40000, 50000, 50000, 40000, 50000, 50000, 40000, 40000, 40000, 40000]
[20000, 20000, 20000, 20000, 0, 10000, 30000, 20000, 20000, 20000, 30000, 20000, 30000, 20000, 20000, 30000]
[20000, 20000, 30000, 30000, 30000, 30000, 30000, 30000, 20000, 20000, 30000, 30000, 30000, 30000, 40000, 40000, 10000]
[20000, 20000, 30000, 30000, 20000, 20000, 20000, 20000, 30000, 30000, 20000, 10000, 20000, 20000, 20000, 20000]
[40000, 50000, 40000, 50000, 50000, 40000, 50000, 50000, 50000, 50000, 50000, 50000, 40000, 50000, 50000, 50000]
[30000, 20000, 20000, 20000, 30000, 30000, 20000, 20000, 30000, 30000, 20000, 20000, 20000, 20000, 20000, 30000, 30000]
[30000, 30000, 30000, 30000, 30000, 20000, 20000, 20000, 20000, 20000, 20000, 30000, 20000, 20000, 20000, 20000]
[40000, 30000, 40000, 30000, 20000, 30000, 20000, 20000, 30000, 30000, 30000, 30000, 30000, 20000, 20000, 30000]
[40000, 20000, 20000, 20000, 20000, 20000, 20000, 20000, 20000, 20000, 20000, 20000, 20000, 20000, 20000]
[20000, 20000, 30000, 20000, 20000, 20000, 20000, 30000, 20000, 20000, 30000, 20000, 20000, 20000, 30000, 30000, 40000]
[40000, 30000, 40000, 30000, 20000, 30000, 20000, 20000, 30000, 30000, 30000, 30000, 30000, 20000, 20000, 30000]
[20000, 20000, 20000, 20000, 20000, 30000, 30000, 30000, 30000, 30000, 20000, 30000, 20000, 20000, 30000, 30000, 30000]
[30000, 30000, 20000, 20000, 20000, 20000, 20000, 30000, 30000, 30000, 20000, 30000, 30000, 30000, 30000, 30000]
[30000, 20000, 30000, 20000, 30000, 30000, 30000, 20000, 20000, 30000, 30000, 30000, 20000, 30000, 20000, 20000, 30000]
[30000, 20000, 30000, 20000, 30000, 30000, 30000, 20000, 20000, 30000, 20000, 30000, 30000, 30000, 20000, 20000, 30000]
[20000, 20000, 20000, 20000, 20000, 20000, 20000, 20000, 20000, 20000, 20000, 20000, 20000, 20000, 10000, 20000, 20000]
[30000, 30000, 30000, 30000, 30000, 30000, 30000, 30000, 30000, 30000, 30000, 30000, 30000, 30000, 30000]
[20000, 20000, 20000, 20000, 20000, 40000, 40000, 40000, 20000, 20000, 40000, 30000, 30000, 30000, 30000]
[30000, 20000, 20000, 30000, 30000, 20000, 20000, 20000, 20000, 20000, 30000, 20000, 20000, 20000, 30000, 20000, 30000]
[30000, 30000, 30000, 40000, 30000, 40000, 30000, 30000, 30000, 30000, 30000, 40000, 30000, 30000, 30000, 30000, 30000]
[40000, 80000, 30000, 20000, 40000, 30000, 20000, 20000, 20000, 20000, 40000, 40000, 40000, 30000, 30000]
[60000, 60000, 40000, 30000, 40000, 30000, 30000, 30000, 40000, 30000, 30000, 30000, 30000, 30000, 30000, 30000]
[20000, 30000, 30000, 40000, 30000, 40000, 40000, 40000, 30000, 30000, 40000, 30000, 30000, 40000, 20000]
[20000, 20000, 20000, 20000, 30000, 20000, 30000, 20000, 20000, 20000, 20000, 20000, 30000, 20000, 30000, 20000, 30000]
[20000, 20000, 20000, 20000, 20000, 20000, 20000, 20000, 20000, 20000, 20000, 20000, 20000, 20000, 20000, 20000]
[20000, 20000, 20000, 20000, 20000, 20000, 20000, 20000, 20000, 20000, 20000, 20000, 20000, 20000, 20000, 20000]
[20000, 20000, 20000, 30000, 20000, 20000, 20000, 20000]
[30000, 30000, 40000, 30000, 40000, 40000, 40000, 50000, 50000, 50000, 50000, 50000, 50000, 50000, 50000]
[20000, 20000, 20000, 30000, 20000, 30000, 30000, 30000, 20000, 30000, 20000, 20000, 20000, 10000, 30000]
[60000, 60000, 60000, 20000, 20000, 20000, 20000, 20000, 20000, 20000, 20000, 20000, 20000, 20000, 30000, 20000]
[100000, 60000, 40000, 30000, 20000, 20000, 30000, 40000, 60000, 60000, 20000, 20000]
[40000, 40000, 40000, 40000, 40000, 40000, 40000, 40000, 40000, 40000, 20000, 20000, 20000, 40000, 40000]
[20000, 20000, 20000, 20000, 20000, 40000, 40000, 40000, 20000, 40000, 20000, 30000, 30000, 30000, 30000]
[20000, 20000, 20000, 20000, 20000, 20000, 40000, 40000, 20000, 40000, 40000, 30000, 30000, 30000, 30000]
[30000, 20000, 20000, 30000, 30000, 20000, 20000, 20000, 30000, 20000, 20000, 20000, 30000, 20000, 20000, 20000, 30000]
[20000, 20000, 20000, 20000, 20000, 20000, 20000, 20000, 20000, 20000, 20000, 20000, 20000, 20000, 20000, 20000, 20000]
[60000, 60000, 60000, 30000, 30000, 30000, 30000, 30000, 30000, 30000, 30000, 30000, 40000, 30000, 40000, 20000]
[30000, 30000, 30000, 30000, 30000, 30000, 30000, 30000, 30000, 30000, 30000, 30000, 30000, 30000, 30000, 30000, 30000]
[30000, 30000, 20000, 30000, 30000, 40000, 30000, 30000, 30000, 40000, 30000, 30000, 30000, 30000, 40000]
[20000, 20000, 20000, 20000, 30000, 20000, 20000, 20000, 20000, 20000, 20000, 20000, 20000, 10000, 20000, 20000, 20000]
[20000, 20000, 20000, 20000, 30000, 30000, 30000, 20000, 20000, 20000, 20000, 20000, 20000, 20000, 10000, 20000]
[30000, 30000, 30000, 30000, 30000, 30000, 30000, 30000, 30000, 30000, 30000, 30000, 30000, 30000, 30000]
[30000, 30000, 30000, 30000, 20000, 30000, 30000, 30000, 30000, 30000, 30000, 20000, 10000]
[50000, 50000, 20000, 20000, 20000, 20000, 20000, 30000, 20000, 20000, 20000, 20000, 20000, 30000, 20000, 20000]
[20000, 30000, 20000, 20000, 20000, 20000, 20000, 20000, 20000, 30000, 20000, 20000, 30000, 20000]
[40000, 40000, 50000, 20000, 20000, 20000, 20000, 20000, 20000, 20000, 20000, 20000, 20000, 20000, 10000, 20000, 20000]
[30000, 20000, 30000, 30000, 20000, 20000, 20000, 20000, 30000, 20000, 20000, 20000, 30000, 20000, 20000, 30000, 20000]
[30000, 20000, 20000, 20000, 20000, 20000, 20000, 20000, 20000, 20000, 20000, 20000, 20000, 20000, 20000, 20000]
[20000, 30000, 20000, 30000, 30000, 20000, 20000, 20000, 30000, 30000, 30000, 20000, 20000, 20000, 20000, 20000]
[80000, 80000, 80000, 80000, 70000, 80000, 70000, 70000, 80000, 70000, 70000, 190000, 80000, 80000, 80000, 80000]
[30000, 30000, 40000, 40000, 40000, 20000, 20000, 30000, 30000, 40000, 40000, 40000, 20000, 40000]
[20000, 20000, 10000, 30000, 20000, 30000, 30000, 20000, 20000, 30000, 30000, 10000, 30000, 20000, 20000, 10000, 20000]
[10000, 10000, 30000, 20000, 30000, 10000, 10000, 20000, 30000, 30000, 20000, 20000, 30000, 20000, 20000, 20000, 20000]
[10000, 10000, 10000, 10000, 10000, 10000, 10000, 20000, 20000, 20000, 10000, 20000, 20000, 20000, 20000, 20000]
[30000, 20000, 20000, 30000, 30000, 20000, 20000, 20000, 30000, 20000, 20000, 20000, 20000, 20000, 30000, 30000, 20000]
[30000, 20000, 30000, 40000, 40000, 40000, 20000, 40000, 40000, 40000, 40000, 30000, 30000, 20000]
[30000, 40000, 30000, 20000, 40000, 40000, 20000, 30000, 30000, 40000, 40000, 40000, 20000, 40000]
[20000, 40000, 30000, 40000, 30000, 20000, 40000, 40000, 30000, 30000, 40000, 40000, 40000, 20000]
[30000, 30000, 40000, 40000, 40000, 20000, 40000, 40000, 30000, 30000, 20000, 40000, 20000, 40000]
[30000, 20000, 20000, 20000, 20000, 20000, 20000, 20000, 20000, 20000, 20000, 20000, 30000, 20000, 20000]
[30000, 20000, 30000, 40000, 40000, 40000, 40000, 40000, 30000, 40000, 30000, 20000, 20000, 40000]
[30000, 20000, 30000, 40000, 40000, 40000, 40000, 30000, 30000, 20000, 40000, 40000, 20000, 40000]
[30000, 40000, 40000, 40000, 30000, 20000, 30000, 30000, 20000, 40000, 40000, 40000, 20000, 40000]
[30000, 20000, 40000, 30000, 40000, 40000, 40000, 20000, 40000, 40000, 40000, 30000, 30000, 20000]
[20000, 30000, 30000, 40000, 40000, 40000, 40000, 20000, 40000, 40000, 30000, 40000, 30000, 20000]
[20000, 40000, 40000, 40000, 30000, 30000, 40000, 20000, 40000, 20000, 30000, 30000, 40000, 40000]
[30000, 30000, 30000, 30000, 30000, 30000, 30000, 30000, 30000, 30000, 30000, 30000, 30000, 30000, 30000, 30000]
[40000, 40000, 10000, 20000, 20000, 20000, 20000, 20000, 20000, 20000, 20000, 20000, 20000, 20000, 20000]
[20000, 20000, 20000, 20000, 30000, 30000, 30000, 30000, 30000, 30000, 30000, 30000, 30000, 40000, 40000, 40000]
[20000, 20000, 20000, 20000, 30000, 30000, 40000, 40000, 40000, 20000, 20000, 20000, 20000, 20000, 20000]
[40000, 40000, 40000, 20000, 20000, 20000, 20000, 20000, 20000, 20000, 20000, 20000, 20000, 20000, 20000]
[20000, 20000, 20000, 20000, 20000, 20000, 20000, 20000, 20000, 20000, 20000, 20000, 20000, 20000, 20000]
[30000, 30000, 30000, 30000, 30000, 30000, 30000, 30000, 30000, 30000, 30000, 30000, 30000, 30000, 30000, 30000]
[30000, 30000, 30000, 30000, 30000, 30000, 30000, 30000, 30000, 30000, 30000, 30000, 30000, 30000, 30000, 30000]
[30000, 30000, 30000, 30000, 30000, 30000, 30000, 30000, 30000, 30000, 30000, 30000, 30000, 30000, 30000, 30000]
[30000, 30000, 30000, 30000, 30000, 30000, 30000, 30000, 30000, 30000, 30000, 30000, 30000, 30000, 30000, 30000]
[30000, 20000, 30000, 30000, 30000, 40000, 20000, 20000, 20000, 30000, 30000, 30000, 30000, 30000, 30000, 30000]
[30000, 30000, 30000, 30000, 30000, 30000, 30000, 30000, 30000, 30000, 30000, 30000, 30000, 30000, 30000, 30000]
[30000, 30000, 30000, 30000, 30000, 30000, 30000, 30000, 30000, 30000, 30000, 30000, 30000, 30000, 30000, 30000]
[30000, 30000, 30000, 30000, 30000, 30000, 30000, 30000, 30000, 30000, 30000, 30000, 30000, 30000, 30000, 30000]
[30000, 30000, 30000, 30000, 30000, 30000, 30000, 30000, 30000, 30000, 30000, 30000, 30000, 30000, 30000, 30000]
[30000, 30000, 30000, 30000, 30000, 30000, 30000, 30000, 30000, 30000, 30000, 30000, 30000, 30000, 30000, 30000]
[30000, 30000, 30000, 30000, 30000, 30000, 30000, 30000, 30000, 20000, 30000, 30000, 20000, 30000, 20000, 30000]
[30000, 30000, 30000, 30000, 30000, 30000, 30000, 20000, 30000, 20000, 30000, 30000, 30000, 30000, 20000, 20000]
[30000, 30000, 30000, 30000, 30000, 30000, 30000, 30000, 30000, 30000, 30000, 30000, 30000, 30000, 30000, 30000]
[40000, 20000, 30000, 30000, 60000, 60000, 70000, 70000, 30000, 40000, 40000, 30000, 40000, 40000, 40000]
[40000, 30000, 20000, 30000, 60000, 60000, 30000, 40000, 40000, 40000, 40000, 40000, 40000, 40000]
[40000, 30000, 30000, 20000, 60000, 60000, 30000, 40000, 40000, 40000, 40000, 40000, 40000, 40000]
[40000, 20000, 20000, 20000, 20000, 20000, 20000, 20000, 20000, 20000, 10000, 20000, 20000, 20000, 20000]
[20000, 30000, 30000, 30000, 40000, 30000, 30000, 20000, 20000, 20000, 30000, 30000, 30000, 30000, 30000]
[30000, 20000, 30000, 30000, 30000, 40000, 20000, 20000, 20000, 30000, 30000, 30000, 20000, 40000, 30000, 30000]
[30000, 20000, 30000, 30000, 30000, 40000, 20000, 20000, 20000, 30000, 30000, 30000, 30000, 30000, 20000, 20000]
[30000, 20000, 30000, 30000, 30000, 40000, 20000, 20000, 20000, 30000, 30000, 30000, 30000, 30000, 30000, 30000]
[30000, 20000, 30000, 30000, 30000, 40000, 30000, 20000, 20000, 20000, 30000, 30000, 30000, 30000, 30000]
[30000, 20000, 30000, 30000, 30000, 40000, 20000, 20000, 20000, 30000, 30000, 30000, 30000, 20000, 30000, 30000]
[30000, 20000, 30000, 30000, 30000, 40000, 20000, 20000, 20000, 30000, 30000, 30000, 30000, 30000, 30000, 30000]
[30000, 20000, 30000, 30000, 30000, 20000, 20000, 30000, 30000, 30000, 30000, 30000, 30000, 20000, 20000, 30000]
[30000, 20000, 30000, 30000, 30000, 30000, 20000, 20000, 30000, 30000, 30000, 20000, 40000, 20000, 40000, 20000]
[30000, 20000, 30000, 30000, 30000, 20000, 30000, 30000, 30000, 30000, 30000, 30000, 30000, 40000, 20000, 40000]
[30000, 20000, 30000, 30000, 30000, 40000, 20000, 20000, 20000, 30000, 30000, 30000, 30000, 30000, 30000, 30000]
[20000, 20000, 20000, 20000, 20000, 20000, 20000, 20000, 20000, 20000, 20000, 20000, 20000, 20000, 20000, 20000, 20000]
[30000, 30000, 30000, 20000, 30000, 40000, 30000, 20000, 20000, 20000, 30000, 30000, 20000, 20000, 20000]
[30000, 20000, 30000, 30000, 30000, 40000, 30000, 20000, 20000, 20000, 30000, 30000, 30000, 30000, 30000]
[30000, 20000, 30000, 30000, 30000, 40000, 20000, 20000, 20000, 30000, 30000, 30000, 30000, 30000, 30000, 20000]
[30000, 20000, 30000, 30000, 30000, 30000, 40000, 20000, 20000, 20000, 30000, 30000, 30000, 30000, 30000]
[20000, 30000, 30000, 30000, 30000, 20000]
[30000, 20000, 30000, 30000, 30000, 40000, 20000, 20000, 20000, 30000, 30000, 30000, 30000, 30000, 30000, 30000]
[30000, 20000, 30000, 30000, 30000, 40000, 20000, 20000, 20000, 30000, 30000, 30000, 30000, 30000, 30000, 20000]
[30000, 20000, 30000, 30000, 30000, 40000, 30000, 20000, 20000, 20000, 30000, 30000, 30000, 30000, 30000]
[20000, 30000, 30000, 30000, 30000, 40000, 20000, 20000, 30000, 30000, 30000, 30000, 30000, 30000, 30000, 20000]
[30000, 20000, 30000, 30000, 30000, 30000, 30000, 30000, 20000, 20000, 20000, 30000, 30000, 20000, 20000]
[20000, 30000, 30000, 30000, 30000, 40000, 20000, 20000, 20000, 30000, 30000, 30000, 30000, 30000, 30000, 30000]
[30000, 20000, 30000, 30000, 30000, 30000, 20000, 20000, 20000, 20000, 30000, 30000, 30000, 30000]
[30000, 20000, 30000, 30000, 30000, 20000, 20000, 20000, 30000, 30000, 30000, 30000, 20000, 30000, 30000, 20000]
[20000, 30000, 30000, 30000, 40000, 30000, 20000, 20000, 20000, 30000, 30000, 30000, 30000, 30000, 30000, 20000]
[30000, 20000, 30000, 30000, 40000, 20000, 20000, 20000, 30000, 30000, 30000, 30000, 30000, 30000, 30000, 20000]
[30000, 20000, 30000, 30000, 30000, 20000, 20000, 20000, 30000, 30000, 30000, 30000, 30000, 30000, 30000, 20000]
[30000, 20000, 30000, 30000, 30000, 30000, 20000, 30000, 20000, 20000, 20000, 20000, 30000, 30000, 20000, 30000]
[30000, 30000, 20000, 30000, 30000, 30000, 20000, 30000, 20000, 20000, 20000, 30000, 20000, 30000, 20000, 30000]
[20000, 20000, 20000, 20000, 20000, 20000, 20000, 20000, 20000, 30000, 10000, 20000, 20000, 20000, 20000, 20000]
[40000, 40000, 20000, 20000, 20000, 20000, 20000, 20000, 20000, 20000, 20000, 20000, 10000, 20000, 20000]
[30000, 20000, 30000, 20000, 30000, 20000, 30000, 40000, 30000, 30000, 30000, 30000, 30000, 20000, 20000]
[20000, 20000, 20000, 20000, 20000, 20000, 20000, 20000, 20000, 20000, 20000, 20000, 20000, 20000, 20000]
[30000, 20000, 20000, 30000, 30000, 30000, 30000, 20000, 20000, 20000, 20000, 30000, 20000, 20000, 20000, 20000, 20000]
[20000, 20000, 30000, 30000, 20000, 30000, 20000, 20000, 20000, 20000, 20000, 30000, 20000, 20000, 20000, 20000]
[20000, 30000, 20000, 30000, 20000, 30000, 20000, 10000, 20000, 10000, 20000, 10000, 20000, 20000, 20000, 20000]
[30000, 30000, 30000, 30000, 30000, 30000, 30000, 20000, 30000, 30000, 30000, 30000, 20000, 30000, 20000, 30000, 30000]
[20000, 20000, 20000, 20000, 20000, 20000, 20000, 20000, 20000, 20000, 30000, 30000, 20000, 20000, 20000, 20000]
[20000, 20000, 20000, 20000, 20000, 20000, 20000, 20000, 30000, 30000, 20000, 20000, 20000, 20000, 20000, 20000]
[20000, 20000, 20000, 20000, 20000, 20000, 20000, 30000, 30000, 20000, 20000, 20000, 20000, 20000, 20000, 20000]
[10000, 20000, 20000, 20000, 10000, 10000, 10000, 20000, 20000, 20000, 20000, 10000, 10000, 20000, 20000, 20000]
[20000, 20000, 10000, 10000, 20000, 20000, 10000, 10000, 10000, 10000, 20000, 10000, 20000, 10000]
[60000, 60000, 30000, 30000, 30000, 30000, 30000, 30000, 30000, 30000, 30000, 30000, 30000, 30000, 30000]
[20000, 20000, 20000, 0, 20000, 20000, 20000, 0, 0, 20000, 20000, 20000, 0, 10000, 20000, 20000]
[30000, 30000, 20000, 20000, 20000, 20000, 30000, 30000, 30000, 30000, 30000, 30000, 20000, 30000, 20000]
[10000, 10000, 10000, 20000, 20000, 20000, 20000, 20000, 20000, 20000, 20000, 20000, 20000, 20000, 20000, 20000]
[40000, 20000, 20000, 20000, 20000, 20000, 20000, 20000, 20000, 20000, 20000, 20000, 20000, 20000, 20000, 20000, 20000]
[30000, 30000, 30000, 40000, 30000, 30000, 30000, 40000, 40000, 20000, 20000, 30000, 40000, 30000, 30000, 30000]
[30000, 30000, 40000, 30000, 30000, 30000, 30000, 30000, 30000, 30000, 30000, 30000, 40000, 50000, 50000, 30000, 40000]
[30000, 30000, 30000, 40000, 30000, 30000, 30000, 30000, 30000, 30000, 40000, 30000, 50000, 30000, 30000, 50000, 40000]
[20000, 20000, 20000, 20000, 20000, 20000, 20000, 20000, 20000, 20000, 20000, 30000, 20000, 20000, 30000, 20000]
[30000, 30000, 40000, 30000, 30000, 30000, 40000, 30000, 40000, 20000, 20000, 30000, 30000, 30000, 30000, 30000]
[30000, 30000, 40000, 30000, 30000, 30000, 40000, 30000, 40000, 20000, 20000, 30000, 30000, 30000, 30000, 40000]
[30000, 30000, 40000, 30000, 30000, 30000, 40000, 30000, 40000, 20000, 20000, 30000, 30000, 30000, 30000, 30000]
[30000, 30000, 40000, 30000, 30000, 30000, 40000, 40000, 20000, 20000, 30000, 30000, 30000, 40000, 40000, 30000]
[30000, 30000, 40000, 30000, 30000, 30000, 30000, 40000, 40000, 20000, 20000, 30000, 30000, 30000, 30000, 30000]
[30000, 40000, 30000, 40000, 30000, 40000, 20000, 20000, 30000, 30000, 30000, 40000, 30000, 30000, 30000, 30000, 40000]
[30000, 30000, 40000, 30000, 30000, 30000, 30000, 40000, 40000, 20000, 20000, 30000, 40000, 30000, 30000, 30000]
[30000, 30000, 40000, 30000, 30000, 30000, 40000, 30000, 40000, 20000, 20000, 30000, 30000, 30000, 40000, 30000]
[30000, 30000, 40000, 30000, 30000, 30000, 40000, 30000, 40000, 20000, 20000, 30000, 30000, 40000, 40000, 30000]
[30000, 30000, 40000, 30000, 30000, 30000, 40000, 30000, 40000, 20000, 20000, 30000, 30000, 30000, 30000, 30000]
[30000, 30000, 30000, 40000, 30000, 30000, 40000, 40000, 20000, 20000, 30000, 30000, 30000, 40000, 30000, 30000]
[30000, 40000, 30000, 30000, 30000, 30000, 40000, 40000, 20000, 20000, 30000, 30000, 30000, 30000, 40000, 30000]
[30000, 30000, 30000, 30000, 40000, 40000, 30000, 40000, 30000, 20000, 20000, 30000, 30000, 40000, 30000, 30000]
[30000, 40000, 30000, 30000, 40000, 30000, 40000, 30000, 20000, 20000, 30000, 30000, 30000, 30000, 30000, 40000]
[30000, 30000, 30000, 30000, 30000, 40000, 30000, 40000, 40000, 20000, 20000, 40000, 30000, 30000, 30000, 30000]
[30000, 30000, 40000, 30000, 30000, 30000, 30000, 40000, 40000, 20000, 20000, 30000, 30000, 40000, 30000, 30000]
[30000, 30000, 40000, 30000, 30000, 30000, 30000, 40000, 40000, 20000, 20000, 30000, 30000, 30000, 30000, 30000]
[30000, 30000, 40000, 30000, 30000, 40000, 30000, 30000, 40000, 20000, 30000, 40000, 30000, 30000, 40000, 30000]
[30000, 30000, 40000, 30000, 30000, 30000, 40000, 40000, 30000, 20000, 20000, 30000, 30000, 30000, 30000, 40000]
[30000, 30000, 30000, 30000, 40000, 40000, 30000, 40000, 20000, 20000, 30000, 40000, 30000, 30000, 30000, 40000]
[30000, 30000, 30000, 40000, 30000, 30000, 30000, 40000, 40000, 20000, 20000, 30000, 30000, 40000, 30000, 30000]
[30000, 30000, 40000, 30000, 30000, 30000, 40000, 30000, 40000, 20000, 20000, 30000, 30000, 30000, 30000, 40000]
[20000, 20000, 20000, 20000, 20000, 20000, 20000, 20000, 20000, 20000, 20000, 20000, 20000, 20000, 20000, 20000]
[30000, 20000, 20000, 20000, 30000, 30000, 30000, 30000, 30000, 30000, 30000, 30000, 30000, 30000, 30000]
[20000, 20000, 20000, 20000, 30000, 20000, 30000, 20000, 30000, 20000, 20000, 10000, 30000, 30000, 30000]
[20000, 30000, 20000, 30000, 30000, 20000, 30000, 30000, 20000, 30000, 30000, 30000, 20000, 30000, 30000, 30000]
[30000, 20000, 30000, 30000, 20000, 30000, 20000, 30000, 20000, 20000, 30000, 20000, 20000, 30000, 30000, 30000, 30000]
[20000, 20000, 20000, 10000, 50000, 20000, 100000, 120000, 20000, 20000, 20000, 20000, 30000]
[20000, 30000, 20000, 20000, 20000, 20000, 20000, 20000, 20000, 20000, 20000, 20000, 20000, 20000, 20000, 20000, 20000]
[30000, 30000, 30000, 30000, 30000, 30000, 30000, 30000, 30000, 30000, 30000, 30000, 30000, 20000, 20000]
[40000, 40000, 20000, 20000, 20000, 20000, 20000, 20000, 30000, 20000, 20000, 20000, 30000, 20000, 20000]
[20000, 20000, 20000, 30000, 20000, 20000, 40000, 70000, 40000, 40000, 20000, 10000, 20000, 20000, 20000]
[20000, 20000, 20000, 20000, 20000, 20000, 20000, 20000, 20000, 20000, 30000, 20000, 20000, 20000]
[30000, 20000, 20000, 20000, 30000, 30000, 30000, 30000, 30000, 30000, 30000, 30000, 30000, 30000, 30000]
[10000, 20000, 20000, 20000, 20000, 30000, 20000, 20000, 20000, 30000, 30000, 30000, 30000, 30000, 30000]
[20000, 20000, 30000, 20000, 30000, 30000, 30000, 30000, 30000, 30000, 30000, 30000, 30000, 20000, 30000]
[20000, 20000, 30000, 20000, 30000, 30000, 30000, 30000, 30000, 30000, 30000, 30000, 30000, 30000, 30000]
[10000, 20000, 20000, 20000, 20000, 30000, 20000, 20000, 20000, 30000, 30000, 30000, 30000, 30000, 30000]
[20000, 20000, 30000, 20000, 30000, 30000, 30000, 30000, 30000, 30000, 30000, 30000, 30000, 30000, 30000]
[20000, 20000, 20000, 20000, 10000, 30000, 20000, 20000, 20000, 30000, 30000, 30000, 30000, 30000, 30000]
[30000, 20000, 20000, 20000, 30000, 30000, 30000, 30000, 30000, 30000, 30000, 30000, 30000, 30000, 30000]
[20000, 20000, 30000, 20000, 30000, 30000, 30000, 30000, 30000, 30000, 30000, 30000, 30000, 30000, 20000]
[20000, 20000, 20000, 10000, 20000, 20000, 30000, 20000, 20000, 30000, 30000, 30000, 30000, 30000, 30000]
[20000, 30000, 20000, 20000, 30000, 30000, 30000, 30000, 30000, 30000, 30000, 30000, 30000, 30000, 30000]
[20000, 30000, 20000, 20000, 30000, 30000, 30000, 30000, 30000, 30000, 30000, 30000, 30000, 30000, 30000]
[30000, 20000, 20000, 20000, 30000, 30000, 30000, 30000, 30000, 30000, 30000, 30000, 30000, 30000, 30000]
[20000, 30000, 20000, 20000, 30000, 30000, 30000, 30000, 30000, 30000, 30000, 30000, 30000, 30000, 30000]
[20000, 30000, 20000, 20000, 30000, 30000, 30000, 30000, 30000, 30000, 30000, 30000, 30000, 30000, 30000]
[30000, 20000, 20000, 20000, 30000, 30000, 30000, 30000, 30000, 30000, 30000, 30000, 30000, 30000, 30000]
[60000, 60000, 20000, 30000, 20000, 20000, 30000, 30000, 30000, 30000, 30000, 30000, 30000, 30000]
[30000, 40000, 30000, 30000, 30000, 30000, 40000, 20000, 20000, 30000, 30000, 20000, 30000, 30000, 20000, 30000]
[20000, 20000, 10000, 20000, 20000, 20000, 20000, 30000, 20000, 30000, 30000, 30000, 30000, 30000, 30000]
[30000, 20000, 20000, 20000, 30000, 30000, 30000, 30000, 30000, 30000, 30000, 30000, 30000, 30000, 30000]
[30000, 20000, 20000, 20000, 30000, 30000, 30000, 30000, 30000, 30000, 30000, 30000, 30000, 30000, 30000]
[40000, 40000, 40000, 30000, 30000, 30000, 30000, 30000, 30000, 30000, 30000, 30000, 30000, 40000, 40000]
[20000, 30000, 30000, 30000, 30000, 30000, 30000, 30000, 30000, 20000, 20000, 20000, 20000, 20000, 20000]
[20000, 20000, 30000, 30000, 30000, 30000, 30000, 30000, 30000, 30000, 20000, 20000, 20000, 30000]
[20000, 30000, 20000, 20000, 20000, 20000, 20000, 20000, 20000, 20000, 20000, 30000, 20000, 20000, 20000, 20000]
[30000, 30000, 30000, 20000, 30000, 30000, 30000, 30000, 30000, 30000, 40000, 30000, 30000, 30000, 30000, 30000]
[30000, 40000, 30000, 30000, 30000, 30000, 20000, 30000, 30000, 30000, 20000, 30000, 30000, 30000, 30000]
[30000, 10000, 10000, 20000, 30000, 20000, 20000, 20000, 20000, 20000, 20000, 20000, 20000, 20000, 20000, 20000, 20000]
[10000, 20000, 20000, 20000, 30000, 20000, 30000, 20000, 20000, 30000, 30000, 30000, 20000, 30000, 20000, 10000]
[10000, 10000, 10000, 20000, 20000, 20000, 20000, 20000, 20000, 10000, 10000, 20000, 20000, 20000, 20000, 20000, 20000]
[40000, 40000, 40000, 50000, 50000, 20000, 20000, 20000, 20000, 20000, 20000, 20000, 20000, 20000, 20000, 20000]
[30000, 30000, 20000, 20000, 30000, 20000, 20000, 30000, 30000, 20000, 30000, 20000, 30000, 20000, 20000, 30000]
[30000, 20000, 30000, 20000, 30000, 20000, 30000, 20000, 30000, 30000, 20000, 30000, 30000, 20000, 30000, 20000]
[30000, 30000, 20000, 30000, 30000, 30000, 20000, 20000, 30000, 20000, 20000, 20000, 30000, 30000, 20000, 20000]
[30000, 20000, 30000, 20000, 30000, 20000, 30000, 30000, 30000, 20000, 20000, 20000, 30000, 30000, 20000, 20000]
[30000, 30000, 20000, 30000, 20000, 30000, 20000, 30000, 20000, 30000, 20000, 30000, 20000, 30000, 20000, 30000]
[30000, 30000, 20000, 30000, 30000, 20000, 30000, 30000, 20000, 20000, 20000, 30000, 20000, 30000, 30000, 20000]
[30000, 20000, 30000, 20000, 30000, 30000, 30000, 20000, 20000, 30000, 20000, 20000, 30000, 20000, 30000, 20000]
[30000, 30000, 20000, 30000, 20000, 30000, 30000, 20000, 30000, 20000, 20000, 30000, 20000, 30000, 20000, 30000]
[30000, 30000, 20000, 30000, 20000, 30000, 20000, 30000, 30000, 20000, 20000, 30000, 20000, 30000, 20000, 30000]
[30000, 30000, 20000, 30000, 30000, 30000, 20000, 20000, 30000, 20000, 20000, 30000, 20000, 30000, 30000, 30000]
[30000, 30000, 20000, 30000, 20000, 30000, 20000, 30000, 30000, 20000, 20000, 30000, 20000, 30000, 20000, 30000]
[30000, 30000, 20000, 30000, 20000, 30000, 30000, 20000, 30000, 20000, 20000, 30000, 20000, 30000, 20000, 30000]
[20000, 20000, 20000, 20000, 20000, 20000, 20000, 20000, 20000, 20000, 20000, 20000, 20000, 20000, 20000, 20000]
[20000, 30000, 30000, 20000, 30000, 30000, 20000, 30000, 20000, 20000, 30000, 20000, 30000, 20000, 30000]
[30000, 30000, 30000, 40000, 50000, 40000, 80000, 40000, 30000, 40000, 40000, 40000, 40000, 50000, 40000, 80000]
[40000, 20000, 30000, 40000, 40000, 30000, 30000, 30000, 30000, 40000, 40000, 40000, 20000, 20000, 20000]
[50000, 40000, 50000, 50000, 40000, 40000, 40000, 40000, 40000, 40000, 40000, 40000, 40000, 40000, 40000, 40000, 40000]
[20000, 20000, 20000, 20000, 20000, 20000, 20000, 20000, 20000, 20000, 20000, 20000, 20000, 20000, 20000]
[20000, 20000, 10000, 0, 10000, 20000, 30000, 10000, 20000, 20000, 20000, 20000, 20000, 20000, 20000, 20000]
[30000, 30000, 30000, 40000, 40000, 30000, 50000, 40000, 40000, 40000, 40000, 80000, 40000, 40000, 50000, 30000]
[40000, 30000, 30000, 30000, 30000, 30000, 30000, 30000, 20000, 30000, 30000, 30000, 30000, 30000, 30000, 30000]
[30000, 30000, 20000, 30000, 30000, 30000, 20000, 30000, 30000, 30000, 30000, 30000, 40000, 40000, 30000]
[30000, 30000, 30000, 20000, 30000, 30000, 30000, 30000, 30000, 40000, 40000, 30000, 30000, 40000, 30000, 30000]
[30000, 30000, 30000, 20000, 30000, 30000, 30000, 30000, 30000, 30000, 30000, 30000, 30000, 40000, 40000]
[30000, 30000, 20000, 30000, 30000, 30000, 30000, 30000, 30000, 40000, 40000, 30000, 30000, 40000, 30000, 30000]
[30000, 30000, 30000, 20000, 30000, 30000, 30000, 30000, 30000, 40000, 40000, 30000, 30000, 40000, 30000, 30000]
[30000, 30000, 30000, 20000, 30000, 30000, 30000, 30000, 30000, 40000, 40000, 30000, 30000, 30000, 40000, 30000]
[150000, 220000, 70000, 110000, 90000, 160000, 400000, 280000, 480000, 480000, 480000, 500000, 500000, 500000, 500000, 740000, 760000]
[220000, 160000, 110000, 90000, 70000, 150000, 400000, 480000, 480000, 500000, 500000, 760000, 500000, 740000, 280000, 480000, 500000]
[20000, 20000, 20000, 20000, 20000, 20000, 20000, 20000, 20000, 20000, 20000, 20000, 20000, 10000]
[30000, 30000, 30000, 40000, 30000, 40000, 40000, 40000, 30000, 30000, 30000, 30000, 40000, 30000]
[40000, 40000, 30000, 30000, 30000, 40000, 30000, 40000, 40000, 30000, 30000, 30000, 30000, 40000, 30000, 40000]
[20000, 20000, 20000, 20000, 20000, 20000, 20000, 20000, 10000, 30000, 30000, 30000, 30000, 30000, 30000, 30000]
[30000, 20000, 30000, 20000, 30000, 30000, 40000, 40000, 40000, 40000, 40000, 40000, 40000, 40000, 10000]
[20000, 30000, 30000, 30000, 20000, 30000, 20000, 20000, 20000, 20000, 20000, 20000, 30000, 30000, 20000, 20000]
[20000, 20000, 30000, 20000, 20000, 20000, 30000, 30000, 30000, 30000, 30000, 30000, 30000, 30000, 30000]
[30000, 20000, 20000, 30000, 40000, 30000, 20000, 30000, 40000, 40000, 20000, 40000, 30000, 20000, 30000, 40000]
[30000, 30000, 20000, 30000, 30000, 30000, 30000, 30000, 30000, 20000, 20000, 30000, 30000, 30000, 30000, 20000, 20000]
[30000, 40000, 40000, 50000, 30000, 30000, 30000, 50000, 50000, 50000, 50000]
[20000, 20000, 20000, 20000, 20000, 20000, 20000, 20000, 20000, 20000, 20000, 20000, 20000, 20000, 20000, 20000]
[20000, 30000, 30000, 30000, 30000, 30000, 30000, 30000, 30000, 30000, 30000, 30000, 30000, 30000]
[30000, 40000, 30000, 40000, 40000, 30000, 30000, 30000, 30000, 30000, 30000, 30000, 40000, 40000, 40000]
[50000, 40000, 40000, 50000, 20000, 50000, 40000, 40000, 50000, 30000, 40000, 50000, 50000, 50000]
[20000, 40000, 50000, 50000, 20000, 20000, 20000, 20000, 30000, 30000, 30000, 20000, 20000, 20000]
[40000, 40000, 50000, 20000, 20000, 30000, 20000, 20000, 20000, 20000, 20000, 20000, 20000, 20000, 30000, 20000]
[40000, 50000, 40000, 20000, 30000, 20000, 20000, 20000, 20000, 20000, 20000, 20000, 20000, 20000, 20000, 20000]
[20000, 20000, 20000, 50000, 40000, 40000, 40000, 20000, 20000, 20000, 20000, 20000, 20000, 20000]
[20000, 20000, 20000, 20000, 20000, 20000, 20000, 20000, 20000, 10000, 20000]
[30000, 30000, 30000, 30000, 30000, 30000, 30000, 30000, 30000, 30000, 30000, 40000, 40000, 30000, 30000]
[30000, 30000, 30000, 30000, 30000, 40000, 30000, 30000, 40000, 30000, 30000, 30000, 30000, 30000, 40000]
[30000, 30000, 30000, 30000, 30000, 30000, 30000, 30000, 40000, 30000, 30000, 40000, 30000, 30000, 30000]
[30000, 30000, 30000, 40000, 40000, 40000, 40000, 30000, 30000, 30000, 30000, 30000, 40000, 30000, 30000]
[30000, 30000, 30000, 40000, 40000, 30000, 30000, 30000, 30000, 30000, 30000, 40000, 30000, 40000]
[30000, 30000, 30000, 30000, 30000, 30000, 30000, 40000, 30000, 30000, 40000, 30000, 30000, 40000, 30000]
[30000, 30000, 40000, 40000, 40000, 40000, 30000, 30000, 30000, 30000, 30000, 30000, 40000, 30000, 30000]
[30000, 30000, 30000, 40000, 40000, 30000, 40000, 40000, 30000, 30000, 30000, 30000, 30000, 40000]
[50000, 40000, 40000, 30000, 20000, 20000, 20000, 20000, 20000, 20000, 20000, 20000, 20000, 20000, 20000, 20000]
[40000, 40000, 50000, 30000, 20000, 20000, 30000, 20000, 20000, 20000, 20000, 20000, 20000, 20000, 20000, 20000]
[30000, 30000, 30000, 30000, 30000, 10000, 10000, 30000, 30000, 30000, 30000, 30000, 20000, 20000, 20000, 30000]
[10000, 10000, 10000, 10000, 10000, 10000, 10000, 10000, 10000, 10000, 10000, 10000, 10000, 20000, 20000, 20000]
[40000, 80000, 80000, 80000, 80000, 80000, 80000, 80000, 80000, 80000, 30000, 30000, 30000, 30000, 20000, 20000]
[40000, 80000, 80000, 80000, 80000, 80000, 80000, 80000, 80000, 80000, 30000, 20000, 30000, 30000, 20000, 30000]
[30000, 50000, 20000, 20000, 10000, 10000, 10000, 20000, 10000, 20000, 30000, 20000, 20000, 10000, 20000]
[30000, 20000, 30000, 30000, 30000, 30000, 20000, 20000, 20000, 20000, 30000, 30000, 20000, 30000, 20000, 30000]
[30000, 40000, 40000, 30000, 30000, 40000, 40000, 40000, 40000, 40000, 40000, 60000, 60000, 50000]
[20000, 20000, 20000, 20000, 20000, 20000, 20000, 20000, 20000, 20000, 20000, 20000, 20000, 20000, 20000, 20000]
[30000, 20000, 20000, 20000, 20000, 20000, 30000, 20000, 20000, 30000, 20000, 30000, 20000, 20000, 20000, 20000]
[30000, 30000, 30000, 30000, 30000, 20000, 30000, 10000, 30000, 30000, 30000, 30000, 40000, 30000, 30000]
[20000, 20000, 10000, 10000, 20000, 20000, 20000, 20000, 20000, 20000, 20000, 20000, 10000, 20000, 20000, 20000, 30000]
[60000, 30000, 20000, 20000, 20000, 20000, 20000, 20000, 20000, 20000, 20000, 20000, 30000, 30000]
[20000, 20000, 20000, 20000, 20000, 20000, 20000, 20000, 20000, 20000, 20000, 20000, 30000, 20000, 20000, 20000, 30000]
[20000, 20000, 20000, 20000, 20000, 20000, 20000, 30000, 20000, 20000, 20000, 20000, 20000, 20000, 10000, 20000]
[30000, 30000, 20000, 30000, 20000, 20000, 20000, 20000, 20000, 20000, 20000, 20000, 20000, 20000, 20000, 20000]
[20000, 20000, 20000, 20000, 20000, 20000, 20000, 20000, 20000, 20000, 20000, 20000, 20000, 20000, 20000, 20000]
[30000, 30000, 20000, 30000, 20000, 20000, 20000, 20000, 20000, 20000, 20000, 20000, 20000, 20000, 20000, 20000]
[30000, 30000, 20000, 30000, 20000, 20000, 20000, 20000, 20000, 20000, 20000, 20000, 20000, 20000, 20000, 20000]
[30000, 30000, 20000, 30000, 20000, 20000, 20000, 20000, 20000, 20000, 20000, 20000, 20000, 20000, 20000, 20000]
[30000, 30000, 20000, 30000, 20000, 20000, 20000, 20000, 20000, 20000, 20000, 20000, 20000, 20000, 20000, 20000]
[30000, 20000, 30000, 30000, 20000, 20000, 20000, 20000, 20000, 20000, 20000, 20000, 20000, 20000, 20000, 20000]
[20000, 20000, 20000, 20000, 20000, 20000, 20000, 20000, 20000, 20000, 20000, 20000, 20000, 20000, 10000]
[20000, 20000, 50000, 40000, 40000, 30000, 40000, 40000, 40000, 40000, 40000, 40000, 40000, 40000, 40000, 40000]
[30000, 30000, 30000, 30000, 30000, 30000, 30000, 30000, 30000, 30000, 30000, 30000, 30000, 30000, 30000, 30000, 30000]
[40000, 40000, 30000, 10000, 10000, 20000, 20000, 10000, 10000, 10000, 20000, 20000, 20000, 10000, 20000, 20000]
[20000, 10000, 10000, 20000, 20000, 10000, 10000, 20000, 20000, 20000, 20000, 20000, 20000, 20000, 20000, 20000]
[30000, 20000, 30000, 30000, 40000, 30000, 30000, 20000, 30000, 30000, 30000, 20000, 40000, 30000, 30000, 30000]
[20000, 20000, 20000, 20000, 20000, 20000, 20000, 20000, 20000, 10000, 10000, 10000, 10000, 10000, 10000, 10000]
[20000, 20000, 20000, 20000, 20000, 20000, 20000, 20000, 50000, 50000, 50000, 20000, 20000, 20000, 20000]
[20000, 20000, 20000, 20000, 20000, 20000, 20000, 20000, 20000, 10000, 10000, 10000, 10000, 10000, 10000, 10000]
[40000, 40000, 20000, 20000, 20000, 20000, 20000, 30000, 30000, 30000, 20000, 40000, 40000, 40000]
[30000, 20000, 20000, 20000, 20000, 20000, 20000, 20000, 20000, 20000, 20000, 20000, 20000, 20000, 20000, 20000, 20000]
[30000, 50000, 30000, 40000, 40000, 40000, 40000, 20000, 30000, 40000, 30000, 40000, 40000, 40000, 30000, 30000, 30000]
[30000, 30000, 30000, 30000, 30000, 30000, 30000, 30000, 30000, 30000, 30000, 30000, 30000, 30000, 30000, 30000]
[20000, 20000, 20000, 20000, 20000, 20000, 20000, 20000, 20000, 20000, 20000, 20000, 20000, 20000, 20000, 20000, 20000]
[20000, 20000, 20000, 20000, 20000, 20000, 20000, 20000, 20000, 20000, 20000, 20000, 20000, 20000, 20000, 20000, 20000]
[20000, 20000, 20000, 20000, 20000, 20000, 20000, 20000, 20000, 20000, 20000, 20000, 20000, 20000, 20000, 20000, 20000]
[20000, 40000, 40000, 40000, 10000, 30000, 20000, 20000, 20000, 20000, 20000, 20000, 20000, 30000, 20000, 20000]
[40000, 40000, 20000, 20000, 30000, 30000, 30000, 40000, 40000, 40000, 40000, 30000, 30000, 30000]
[50000, 50000, 50000, 20000, 40000, 30000, 30000, 30000, 30000, 30000, 30000, 30000, 20000, 30000, 20000]
[10000, 20000, 40000, 20000, 20000, 20000, 20000, 20000, 20000, 20000, 20000, 20000, 20000, 20000, 20000]
[30000, 30000, 20000, 20000, 20000, 20000, 20000, 20000, 20000, 20000, 20000, 20000, 20000, 10000, 20000, 20000, 10000]
[20000, 20000, 20000, 20000, 20000, 20000, 20000, 20000, 20000, 20000, 20000, 20000, 20000, 20000]
[50000, 50000, 50000, 20000, 20000, 20000, 20000, 20000, 20000, 20000, 20000, 20000, 20000, 20000, 20000]
[50000, 50000, 50000, 20000, 20000, 20000, 20000, 20000, 20000, 20000, 20000, 20000, 20000, 20000, 20000]
[50000, 50000, 50000, 20000, 20000, 20000, 20000, 20000, 20000, 20000, 20000, 20000, 20000, 20000, 20000]
[50000, 50000, 50000, 20000, 20000, 20000, 20000, 20000, 20000, 20000, 20000, 20000, 20000, 20000, 20000]
[20000, 20000, 20000, 20000, 20000, 20000, 20000, 20000, 20000, 20000, 20000, 20000, 20000, 20000, 30000, 30000]
[50000, 50000, 50000, 20000, 20000, 20000, 20000, 20000, 20000, 20000, 20000, 20000, 20000, 20000, 20000, 20000]
[20000, 20000, 20000, 20000, 20000, 20000, 20000, 20000, 20000, 20000, 20000, 20000, 20000, 20000, 20000, 20000]
[50000, 50000, 50000, 20000, 20000, 20000, 20000, 20000, 20000, 20000, 20000, 20000, 20000, 20000, 20000]
[50000, 50000, 50000, 20000, 20000, 20000, 20000, 20000, 20000, 20000, 20000, 20000, 20000, 20000, 20000, 20000]
[50000, 50000, 50000, 20000, 20000, 20000, 20000, 20000, 20000, 20000, 20000, 20000, 20000, 20000, 20000]
[50000, 50000, 50000, 20000, 20000, 20000, 20000, 20000, 20000, 20000, 20000, 20000, 20000, 20000, 20000, 20000]
[20000, 50000, 50000, 50000, 50000, 50000, 50000, 20000, 20000, 20000, 20000, 20000, 20000, 20000, 20000]
[20000, 50000, 50000, 50000, 20000, 20000, 20000, 20000, 20000, 20000, 20000, 20000, 20000, 20000, 20000]
[50000, 50000, 50000, 50000, 20000, 20000, 20000, 20000, 20000, 20000, 20000, 20000, 20000, 20000, 20000]
[50000, 50000, 50000, 20000, 20000, 20000, 20000, 20000, 20000, 20000, 20000, 20000, 20000, 20000, 20000]
[50000, 50000, 50000, 20000, 20000, 20000, 20000, 20000, 20000, 20000, 20000, 20000, 20000, 20000, 20000]
[50000, 50000, 50000, 20000, 20000, 20000, 20000, 20000, 20000, 20000, 20000, 20000, 20000, 20000, 20000]
[50000, 50000, 50000, 20000, 20000, 20000, 20000, 20000, 20000, 20000, 20000, 20000, 20000, 20000, 20000, 20000]
[20000, 20000, 20000, 20000, 20000, 20000, 20000, 20000, 20000, 20000, 20000, 20000, 20000, 20000, 30000, 30000]
[20000, 20000, 20000, 20000, 20000, 20000, 20000, 20000, 20000, 20000, 20000, 20000, 20000, 20000, 30000, 30000]
[20000, 20000, 20000, 20000, 20000, 20000, 20000, 20000, 20000, 20000, 20000, 20000, 20000, 20000, 30000, 30000]
[20000, 20000, 20000, 20000, 20000, 20000, 20000, 20000, 20000, 20000, 20000, 20000, 20000, 20000, 30000, 30000]
[20000, 20000, 20000, 20000, 20000, 20000, 20000, 20000, 20000, 20000, 20000, 20000, 20000, 20000, 30000, 30000]
[20000, 20000, 20000, 20000, 20000, 20000, 20000, 20000, 20000, 20000, 20000, 20000, 20000, 20000, 30000, 30000]
[20000, 20000, 20000, 20000, 20000, 20000, 20000, 20000, 20000, 20000, 20000, 20000, 20000, 20000, 30000, 30000]
[20000, 20000, 20000, 20000, 20000, 20000, 20000, 20000, 20000, 20000, 20000, 20000, 20000, 20000, 30000, 30000]
[20000, 20000, 20000, 20000, 20000, 20000, 20000, 20000, 20000, 20000, 20000, 20000, 20000, 20000, 30000, 30000]
[40000, 20000, 20000, 20000, 20000, 20000, 20000, 20000, 20000, 20000, 20000, 20000, 20000, 20000, 20000]
[20000, 20000, 20000, 20000, 20000, 20000, 20000, 20000, 20000, 20000, 20000, 20000, 20000, 20000, 30000, 30000]
[20000, 20000, 20000, 20000, 20000, 20000, 20000, 20000, 20000, 20000, 20000, 20000, 20000, 20000, 30000, 30000]
[20000, 20000, 20000, 20000, 20000, 20000, 20000, 20000, 20000, 20000, 20000, 20000, 20000, 20000, 30000, 30000]
[30000, 40000, 20000, 20000, 20000, 20000, 20000, 20000, 20000, 20000, 20000, 20000, 20000, 20000, 20000]
[20000, 20000, 20000, 20000, 20000, 20000, 20000, 20000, 20000, 20000, 20000, 20000, 20000, 20000, 30000, 30000]
[20000, 20000, 20000, 20000, 20000, 20000, 20000, 20000, 20000, 20000, 20000, 20000, 20000, 20000, 30000, 30000]
[20000, 20000, 20000, 20000, 20000, 20000, 20000, 20000, 20000, 20000, 20000, 20000, 20000, 20000, 30000, 30000]
[20000, 20000, 20000, 20000, 20000, 20000, 20000, 20000, 20000, 20000, 20000, 20000, 20000, 20000, 30000, 30000]
[20000, 20000, 20000, 20000, 20000, 20000, 20000, 20000, 20000, 20000, 20000, 20000, 20000, 20000, 30000, 30000]
[20000, 20000, 20000, 20000, 20000, 20000, 20000, 20000, 20000, 20000, 20000, 20000, 20000, 20000, 30000, 30000]
[20000, 20000, 20000, 20000, 20000, 20000, 20000, 20000, 20000, 20000, 20000, 20000, 20000, 20000, 30000, 30000]
[20000, 20000, 20000, 20000, 20000, 20000, 20000, 20000, 20000, 20000, 20000, 20000, 20000, 20000, 30000, 30000]
[30000, 30000, 40000, 30000, 40000, 30000, 30000, 30000, 30000, 30000, 30000, 30000, 30000, 40000, 30000, 40000]
[30000, 30000, 40000, 30000, 40000, 30000, 30000, 30000, 30000, 30000, 30000, 30000, 30000, 40000, 30000, 40000]
[10000, 10000, 20000, 20000, 10000, 20000, 10000, 20000, 20000, 20000, 20000, 20000, 20000, 20000, 20000, 20000]
[30000, 30000, 30000, 20000, 20000, 20000, 20000, 20000, 20000, 20000, 20000, 20000, 20000, 20000, 20000, 20000]
[20000, 20000, 20000, 20000, 20000, 50000, 20000, 30000, 30000, 30000, 30000, 20000, 30000, 30000, 30000, 30000]
[10000, 10000, 20000, 20000, 20000, 10000, 10000, 20000, 20000, 20000, 20000, 20000, 20000, 20000, 20000, 20000]
[10000, 10000, 20000, 20000, 10000, 10000, 20000, 20000, 20000, 20000, 20000, 20000, 20000, 20000, 20000, 20000]
[30000, 20000, 30000, 30000, 30000, 30000, 20000, 20000, 40000, 30000, 30000, 30000, 40000, 20000, 30000, 30000]
[30000, 20000, 30000, 20000, 30000, 30000, 20000, 20000, 30000, 20000, 20000, 30000, 20000, 30000, 20000, 30000]
[40000, 40000, 40000, 40000, 40000, 40000, 40000, 30000, 30000, 30000, 40000, 30000, 30000, 30000, 30000, 40000]
[20000, 20000, 30000, 20000, 20000, 40000, 30000, 30000, 40000, 40000, 40000, 40000, 20000, 20000, 20000, 20000]
[20000, 30000, 30000, 30000, 20000, 20000, 20000, 20000, 30000, 30000, 30000, 30000, 30000, 30000, 30000]
[20000, 40000, 20000, 40000, 30000, 40000]
[20000, 20000, 20000, 20000, 20000, 20000, 20000, 20000, 20000, 20000, 20000, 20000, 20000, 20000, 20000, 20000]
[100000, 20000, 20000, 20000, 20000, 30000, 30000, 30000, 20000, 20000, 20000, 10000, 10000, 10000, 10000]
[20000, 20000, 20000, 20000, 20000, 20000, 20000, 20000, 20000, 20000, 20000, 30000, 20000, 20000, 20000]
[20000, 20000, 20000, 20000, 20000, 20000, 20000, 20000, 20000, 20000, 20000, 20000, 20000, 20000]
[20000, 20000, 20000, 20000, 20000, 20000, 20000, 20000, 20000, 20000, 20000, 20000, 20000, 20000, 20000]
[20000, 20000, 20000, 20000, 20000, 20000, 20000, 20000, 20000, 20000, 20000, 30000, 20000, 20000, 20000]
[20000, 20000, 20000, 20000, 20000, 20000, 20000, 20000, 20000, 20000, 20000, 20000, 20000, 20000, 20000]
[20000, 20000, 20000, 20000, 20000, 20000, 20000, 20000, 20000, 20000, 20000, 20000, 20000, 20000, 20000]
[20000, 20000, 10000, 10000, 30000, 10000, 20000, 30000, 30000, 30000, 30000, 20000, 20000, 20000]
[30000, 30000, 30000, 30000, 30000, 30000, 30000, 30000, 30000, 30000, 30000, 30000, 30000, 30000, 30000, 30000, 30000]
[30000, 30000, 30000, 30000, 30000, 30000, 30000, 30000, 30000, 30000, 30000, 30000, 30000, 30000, 30000, 30000, 30000]
[30000, 30000, 30000, 30000, 30000, 30000, 30000, 30000, 30000, 30000, 30000, 30000, 30000, 30000, 30000, 30000, 30000]
[30000, 30000, 30000, 30000, 30000, 30000, 30000, 30000, 30000, 30000, 30000, 30000, 30000, 30000, 30000, 30000, 30000]
[30000, 30000, 30000, 30000, 30000, 30000, 30000, 30000, 30000, 30000, 30000, 30000, 30000, 30000, 30000, 30000, 30000]
[40000, 40000, 40000, 40000, 40000, 40000, 40000, 40000, 40000, 40000, 40000, 40000, 40000, 40000, 40000, 40000, 40000]
[20000, 30000, 20000, 20000, 20000, 20000, 30000, 30000, 20000, 20000, 30000, 30000, 30000, 20000, 30000, 20000]
[20000, 20000, 20000, 30000, 20000, 30000, 20000, 30000, 20000, 30000, 20000, 30000, 30000, 30000, 30000, 20000]
[70000, 60000, 60000, 70000, 20000, 20000, 20000, 10000, 40000, 40000, 40000, 40000, 20000, 20000, 20000]
[70000, 60000, 70000, 60000, 20000, 20000, 10000, 20000, 40000, 40000, 40000, 40000, 20000, 30000, 30000]
[70000, 60000, 60000, 70000, 20000, 20000, 20000, 10000, 40000, 40000, 40000, 40000, 20000, 20000, 20000]
[70000, 60000, 70000, 60000, 20000, 20000, 20000, 10000, 40000, 40000, 40000, 40000, 20000, 20000, 30000]
[70000, 60000, 60000, 70000, 40000, 40000, 40000, 40000, 20000, 20000, 20000, 10000, 20000, 30000]
[20000, 20000, 20000, 30000, 30000, 30000, 30000, 30000, 30000, 30000, 70000, 70000, 60000, 60000]
[60000, 60000, 20000, 20000, 20000, 10000, 40000, 40000, 40000, 40000, 20000, 20000, 20000, 30000, 30000]
[70000, 70000, 60000, 60000, 20000, 20000, 20000, 10000, 40000, 40000, 40000, 40000, 20000, 20000, 20000]
[220000, 160000, 110000, 90000, 70000, 150000, 480000, 280000, 480000, 500000, 400000, 480000, 500000, 500000, 500000, 740000, 760000]
[30000, 40000, 40000, 30000, 30000, 20000, 30000, 20000, 20000, 20000, 20000, 20000, 20000, 20000, 20000, 20000]
[40000, 40000, 40000, 20000, 20000, 20000, 20000, 20000, 20000, 20000, 20000, 20000, 20000, 20000, 20000, 20000]
[40000, 30000, 40000, 40000, 30000, 20000, 30000, 30000, 20000, 20000, 20000, 20000, 20000, 20000, 20000, 20000]
[40000, 40000, 40000, 30000, 20000, 20000, 20000, 20000, 20000, 20000, 20000, 20000, 20000, 20000, 20000, 20000, 20000]
[30000, 40000, 40000, 20000, 30000, 30000, 30000, 20000, 20000, 20000, 20000, 20000, 20000, 20000, 20000, 20000]
[40000, 40000, 40000, 20000, 20000, 20000, 20000, 30000, 20000, 20000, 20000, 20000, 20000, 20000, 20000]
[40000, 40000, 40000, 20000, 20000, 20000, 20000, 20000, 20000, 20000, 20000, 20000, 20000, 20000, 20000]
[30000, 40000, 40000, 30000, 30000, 30000, 20000, 20000, 20000, 20000, 20000, 20000, 20000, 20000, 20000, 20000]
[40000, 40000, 40000, 20000, 20000, 20000, 20000, 20000, 20000, 20000, 20000, 20000, 20000, 20000, 20000]
[30000, 40000, 40000, 30000, 30000, 30000, 20000, 20000, 20000, 20000, 20000, 20000, 20000, 20000, 20000, 20000]
[50000, 50000, 20000, 20000, 20000, 30000, 20000, 20000, 20000, 20000, 20000, 20000, 30000, 20000, 20000, 30000]
[50000, 50000, 20000, 30000, 30000, 20000, 20000, 20000, 20000, 20000, 20000, 20000, 10000, 40000, 40000]
[20000, 30000, 20000, 30000, 20000, 30000, 20000, 30000, 20000, 30000, 20000, 30000, 30000, 20000, 20000, 20000]
[20000, 20000, 20000, 20000, 20000, 20000, 20000, 20000, 20000, 20000, 10000, 10000, 20000, 20000, 20000, 10000]
[20000, 20000, 20000, 20000, 20000, 20000, 20000, 20000, 50000, 50000, 50000, 20000, 20000, 20000, 20000]
[20000, 30000, 30000, 30000, 30000, 20000, 20000, 20000, 20000, 20000, 20000, 20000, 20000, 20000, 20000, 20000]
[20000, 20000, 20000, 30000, 20000, 20000, 20000, 20000, 20000, 20000, 20000, 20000, 30000, 20000, 20000, 30000]
[30000, 30000, 30000, 30000, 30000, 30000, 20000, 30000, 30000, 30000, 20000, 30000, 20000, 20000, 30000, 20000, 30000]
[40000, 50000, 50000, 50000, 50000, 40000, 40000, 40000, 40000, 50000, 50000, 50000, 50000, 50000, 50000]
[50000, 50000, 20000, 20000, 20000, 20000, 20000, 20000, 20000, 20000, 30000, 20000, 30000, 20000, 30000, 20000]
[50000, 50000, 20000, 20000, 20000, 20000, 20000, 20000, 30000, 20000, 20000, 20000, 20000, 30000, 20000, 30000]
[50000, 50000, 20000, 20000, 20000, 20000, 20000, 20000, 30000, 20000, 20000, 20000, 20000, 30000, 20000, 30000]
[50000, 50000, 20000, 20000, 20000, 20000, 20000, 20000, 30000, 20000, 20000, 20000, 20000, 30000, 20000, 30000]
[50000, 50000, 20000, 20000, 20000, 20000, 20000, 20000, 20000, 20000, 30000, 20000, 30000, 20000, 20000, 30000]
[50000, 50000, 20000, 20000, 20000, 20000, 20000, 20000, 20000, 20000, 30000, 20000, 30000, 20000, 30000, 20000]
[50000, 50000, 20000, 20000, 20000, 20000, 20000, 20000, 20000, 20000, 20000, 30000, 20000, 30000, 30000, 20000]
[50000, 50000, 20000, 20000, 20000, 20000, 20000, 30000, 20000, 20000, 20000, 30000, 20000, 20000, 30000, 20000]
[50000, 50000, 20000, 20000, 20000, 20000, 20000, 20000, 20000, 20000, 30000, 20000, 30000, 20000, 30000, 20000]
[50000, 50000, 20000, 20000, 20000, 20000, 20000, 20000, 20000, 20000, 20000, 30000, 30000, 20000, 30000, 20000]
[50000, 50000, 20000, 20000, 20000, 20000, 20000, 20000, 30000, 20000, 20000, 20000, 30000, 20000, 20000, 30000]
[50000, 50000, 20000, 20000, 20000, 20000, 20000, 20000, 20000, 30000, 20000, 20000, 30000, 20000, 30000, 20000]
[50000, 50000, 20000, 20000, 20000, 20000, 20000, 20000, 30000, 20000, 20000, 20000, 30000, 20000, 20000, 30000]
[50000, 50000, 20000, 20000, 20000, 20000, 20000, 20000, 20000, 30000, 20000, 20000, 20000, 30000, 20000, 30000]
[50000, 50000, 20000, 20000, 20000, 20000, 20000, 20000, 30000, 20000, 20000, 20000, 30000, 20000, 30000, 20000]
[50000, 50000, 20000, 20000, 20000, 20000, 20000, 30000, 20000, 20000, 20000, 20000, 30000, 20000, 30000, 20000]
[50000, 50000, 20000, 20000, 20000, 20000, 20000, 20000, 20000, 20000, 20000, 30000, 20000, 30000, 30000, 20000]
[50000, 50000, 20000, 20000, 20000, 20000, 20000, 20000, 20000, 20000, 30000, 20000, 30000, 20000, 20000, 30000]
[50000, 50000, 20000, 20000, 20000, 20000, 20000, 20000, 20000, 20000, 30000, 30000, 20000, 20000, 20000, 30000]
[50000, 50000, 20000, 20000, 20000, 20000, 20000, 20000, 20000, 20000, 30000, 20000, 20000, 30000, 30000, 20000]
[50000, 50000, 20000, 20000, 20000, 20000, 20000, 20000, 30000, 20000, 20000, 20000, 20000, 30000, 20000, 30000]
[50000, 50000, 20000, 20000, 20000, 20000, 20000, 20000, 20000, 20000, 30000, 20000, 20000, 30000, 20000, 30000]
[50000, 50000, 20000, 20000, 20000, 30000, 20000, 20000, 20000, 20000, 20000, 20000, 20000, 30000, 30000, 20000]
[50000, 50000, 20000, 20000, 20000, 20000, 20000, 20000, 20000, 20000, 30000, 20000, 30000, 20000, 20000, 30000]
[50000, 50000, 20000, 20000, 20000, 20000, 20000, 20000, 20000, 20000, 20000, 30000, 20000, 30000, 30000, 20000]
[50000, 50000, 20000, 20000, 20000, 20000, 30000, 20000, 20000, 20000, 20000, 20000, 20000, 30000, 30000, 20000]
[50000, 50000, 20000, 20000, 20000, 20000, 30000, 20000, 20000, 20000, 20000, 20000, 30000, 20000, 20000, 20000]
[50000, 50000, 20000, 20000, 20000, 30000, 20000, 20000, 20000, 20000, 20000, 20000, 30000, 20000, 20000, 30000]
[50000, 50000, 20000, 20000, 20000, 20000, 20000, 20000, 30000, 20000, 20000, 20000, 30000, 20000, 30000, 20000]
[20000, 30000, 20000, 20000, 30000, 30000, 20000, 20000, 20000, 30000, 20000, 20000, 30000, 20000, 30000, 30000, 30000]
[50000, 50000, 20000, 20000, 20000, 20000, 20000, 20000, 20000, 30000, 20000, 20000, 30000, 20000, 20000, 20000]
[50000, 50000, 20000, 20000, 20000, 20000, 20000, 20000, 20000, 20000, 20000, 30000, 30000, 20000, 30000, 20000]
[50000, 50000, 20000, 20000, 20000, 20000, 20000, 20000, 30000, 20000, 20000, 20000, 20000, 30000, 20000, 30000]
[50000, 50000, 20000, 20000, 20000, 20000, 20000, 20000, 20000, 20000, 20000, 30000, 20000, 30000, 30000, 20000]
[50000, 50000, 20000, 20000, 20000, 20000, 20000, 20000, 20000, 30000, 20000, 20000, 20000, 30000, 20000, 20000]
[50000, 50000, 20000, 20000, 20000, 20000, 20000, 20000, 20000, 20000, 20000, 30000, 30000, 20000, 30000, 20000]
[50000, 50000, 20000, 20000, 20000, 20000, 20000, 20000, 20000, 20000, 20000, 30000, 20000, 30000, 30000, 20000]
[50000, 50000, 20000, 20000, 20000, 20000, 20000, 20000, 20000, 20000, 20000, 30000, 20000, 30000, 30000, 20000]
[50000, 50000, 20000, 20000, 20000, 20000, 20000, 20000, 20000, 20000, 20000, 30000, 30000, 20000, 30000, 20000]
[50000, 50000, 20000, 20000, 20000, 20000, 20000, 20000, 20000, 20000, 30000, 20000, 20000, 30000, 20000, 30000]
[50000, 50000, 20000, 20000, 20000, 30000, 20000, 20000, 20000, 20000, 20000, 20000, 20000, 30000, 20000, 30000]
[20000, 20000, 20000, 20000, 20000, 20000, 20000, 20000, 20000, 20000, 20000, 20000, 20000, 20000, 20000]
[50000, 50000, 40000, 30000, 20000, 30000, 20000, 20000, 20000, 30000, 20000, 30000, 60000, 70000]
[30000, 20000, 40000, 40000, 40000, 60000, 20000, 30000, 30000, 20000, 40000, 50000, 40000, 30000, 30000]
[30000, 30000, 30000, 30000, 30000, 30000, 30000, 20000, 40000, 20000, 30000, 30000, 40000, 30000, 40000, 30000, 30000]
[50000, 30000, 40000, 30000, 30000, 20000, 20000, 20000, 20000, 20000, 20000, 20000, 20000, 20000]
[20000, 20000, 20000, 40000, 40000, 40000, 40000, 40000, 40000, 40000, 40000, 50000, 50000, 50000, 50000, 50000]
[50000, 20000, 20000, 20000, 20000, 20000, 30000, 20000, 20000, 20000, 20000, 20000, 20000, 20000, 20000, 20000]
[50000, 30000, 30000, 30000, 30000, 30000, 30000, 30000, 30000, 30000, 30000, 30000, 30000, 30000, 30000, 30000]
[90000, 60000, 100000, 100000, 80000, 20000, 40000, 40000, 50000, 40000, 20000, 20000, 40000, 40000, 40000, 40000, 30000]
[30000, 20000, 20000, 20000, 20000, 20000, 20000, 20000, 20000, 40000, 30000, 30000, 30000, 30000, 30000]
[40000, 30000, 30000, 20000, 30000, 20000, 30000, 30000, 30000, 20000, 20000, 30000, 30000, 20000, 30000, 20000]
[40000, 50000, 40000, 40000, 40000, 40000, 40000, 40000, 40000, 40000, 40000, 40000, 40000, 40000, 40000, 50000, 50000]
[20000, 20000, 10000, 10000, 20000, 10000, 20000, 20000, 10000, 20000, 10000, 10000, 20000, 10000, 10000, 20000]
[30000, 20000, 20000, 20000, 20000, 20000, 20000, 20000, 20000, 20000, 20000, 20000, 20000, 20000, 10000, 20000, 20000]
[20000, 20000, 20000, 10000, 10000, 10000, 20000, 20000, 20000, 20000, 20000, 20000, 20000, 20000, 20000]
[40000, 10000, 10000, 20000, 20000, 20000, 20000, 20000, 20000, 20000, 20000, 20000, 20000, 20000]
[10000, 40000, 20000, 20000, 20000, 20000, 20000, 20000, 20000, 20000, 20000, 20000, 20000, 20000]
[20000, 30000, 30000, 40000, 30000, 20000, 30000, 30000, 40000, 30000, 20000, 30000, 30000, 40000, 40000, 20000]
[20000, 20000, 20000, 20000, 60000, 60000, 60000, 60000, 30000, 30000, 40000, 40000, 50000, 40000, 30000, 50000]
[40000, 10000, 20000, 20000, 20000, 20000, 20000, 20000, 20000, 20000, 20000, 20000, 20000, 20000, 20000, 20000, 20000]
[20000, 20000, 30000, 30000, 20000, 30000, 20000, 30000, 20000, 30000, 20000, 20000, 30000, 20000, 30000, 20000]
[40000, 40000, 40000, 20000, 20000, 20000, 20000, 20000, 20000, 20000, 20000, 20000, 10000, 20000, 20000, 20000, 20000]
[20000, 20000, 20000, 20000, 10000, 20000, 20000, 20000, 10000, 20000, 20000, 20000, 20000, 10000, 20000, 20000]
[20000, 30000, 30000, 10000, 10000, 10000, 10000, 10000, 10000, 10000, 10000, 10000, 10000, 10000, 10000, 10000, 10000]
[40000, 40000, 30000, 20000, 20000, 20000, 20000, 20000, 20000, 20000, 20000, 20000, 20000, 20000, 10000, 20000]
[30000, 40000, 10000, 30000, 40000, 30000, 40000, 20000, 20000, 20000, 20000, 20000, 20000, 20000, 20000]
[40000, 30000, 40000, 10000, 30000, 40000, 20000, 20000, 20000, 20000, 20000, 20000, 20000, 20000, 20000, 20000]
[10000, 30000, 40000, 40000, 30000, 30000, 20000, 20000, 20000, 20000, 20000, 20000, 20000, 20000, 20000, 20000]
[10000, 10000, 10000, 10000, 10000, 10000, 10000, 10000, 10000, 10000, 10000, 10000, 10000, 10000, 10000, 10000]
[20000, 20000, 20000, 20000, 20000, 20000, 20000, 20000, 20000, 20000, 20000, 20000, 20000, 20000, 20000, 20000]
[0, 10000, 0, 0, 0, 20000, 20000, 30000, 20000, 20000, 20000, 20000, 20000, 20000, 30000, 20000]
[20000, 20000, 20000, 20000, 20000, 20000, 20000, 30000, 30000, 30000, 30000, 30000, 30000, 30000, 20000, 30000]
[20000, 20000, 20000, 20000, 20000, 20000, 10000, 10000, 10000, 10000, 20000, 20000, 20000, 10000, 20000]
[20000, 20000, 20000, 20000, 20000, 20000, 20000, 30000, 30000, 20000, 20000, 20000, 30000, 30000, 30000, 30000]
[20000, 20000, 20000, 20000, 20000, 20000, 30000, 20000, 30000, 30000, 30000, 30000, 20000, 30000, 30000, 20000]
[20000, 20000, 20000, 20000, 20000, 20000, 20000, 20000, 20000, 20000, 20000, 20000, 20000, 20000, 20000, 10000, 20000]
[30000, 20000, 30000, 20000, 30000, 30000, 20000, 20000, 30000, 30000, 20000, 20000, 30000, 30000, 20000, 20000]
[20000, 20000, 30000, 30000, 30000, 30000, 20000, 20000, 30000, 20000, 20000, 20000, 30000, 20000, 30000, 20000]
[20000, 20000, 30000, 30000, 20000, 30000, 30000, 20000, 30000, 20000, 30000, 20000, 30000, 20000, 30000, 20000, 20000]
[20000, 20000, 30000, 30000, 20000, 30000, 20000, 30000, 20000, 30000, 20000, 20000, 30000, 20000, 30000, 30000]
[20000, 20000, 30000, 20000, 30000, 30000, 20000, 30000, 30000, 30000, 20000, 30000, 20000, 30000, 30000, 20000, 30000]
[20000, 20000, 30000, 30000, 30000, 30000, 20000, 20000, 20000, 20000, 30000, 20000, 30000, 20000, 30000, 30000]
[20000, 20000, 20000, 30000, 30000, 30000, 30000, 30000, 20000, 20000, 20000, 20000, 20000, 30000, 20000, 30000]
[70000, 30000, 70000, 80000, 30000, 50000, 40000, 40000, 10000, 40000, 40000, 30000, 30000, 30000, 60000, 40000]
[20000, 20000, 30000, 30000, 30000, 20000, 30000, 20000, 30000, 20000, 20000, 20000, 30000, 30000, 20000, 20000]
[20000, 20000, 30000, 30000, 30000, 30000, 20000, 20000, 20000, 30000, 20000, 20000, 30000, 20000, 30000, 30000]
[20000, 20000, 20000, 30000, 20000, 30000, 30000, 30000, 20000, 20000, 30000, 30000, 20000, 30000, 30000, 20000, 30000]
[20000, 20000, 30000, 30000, 30000, 20000, 20000, 30000, 30000, 20000, 20000, 20000, 30000, 20000, 30000, 20000]
[10000, 30000, 20000, 20000, 20000, 20000, 20000, 20000, 20000, 20000, 20000, 30000, 20000, 30000, 20000]
[20000, 20000, 30000, 30000, 30000, 20000, 30000, 20000, 20000, 30000, 20000, 20000, 20000, 30000, 20000, 30000]
[20000, 30000, 30000, 30000, 20000, 30000, 20000, 20000, 20000, 20000, 30000, 20000, 30000, 20000, 20000, 20000]
[30000, 20000, 30000, 20000, 30000, 20000, 30000, 30000, 20000, 20000, 30000, 30000, 30000, 20000, 20000, 20000]
[20000, 20000, 20000, 30000, 20000, 30000, 30000, 30000, 20000, 30000, 20000, 30000, 30000, 20000, 20000, 30000, 20000]
[10000, 30000, 50000, 20000, 30000, 30000, 20000, 20000, 20000, 20000, 20000, 20000, 20000, 20000, 20000]
[0, 20000, 20000, 20000, 20000, 20000, 20000, 20000, 20000, 20000, 20000, 10000, 20000, 20000, 20000, 20000]
[30000, 30000, 30000, 30000, 30000, 30000, 30000, 30000, 30000, 20000, 20000, 10000, 10000, 20000, 10000, 10000]
[20000, 20000, 20000, 20000, 20000, 20000, 30000, 30000, 30000, 20000, 30000, 20000, 30000, 20000, 30000, 30000]
[30000, 20000, 20000, 20000, 30000, 30000, 20000, 30000, 20000, 30000, 40000, 30000, 30000, 30000, 30000]
[1440000, 1120000, 2800000, 1120000, 960000, 120000, 140000, 90000, 40000, 40000, 40000, 40000, 50000, 50000, 40000]
[30000, 30000, 30000, 40000, 40000, 30000, 30000, 30000, 30000, 30000, 30000, 40000, 30000, 40000, 30000]
[100000, 60000, 40000, 30000, 20000, 20000, 30000, 40000, 60000, 60000, 20000, 20000]
[20000, 20000, 20000, 20000, 20000, 40000, 40000, 40000, 20000, 40000, 20000, 30000, 30000, 30000, 30000]
[40000, 20000, 30000, 30000, 60000, 60000, 70000, 70000, 30000, 40000, 40000, 30000, 40000, 40000, 40000]
[30000, 30000, 20000, 30000, 30000, 20000, 30000, 30000, 20000, 20000, 20000, 30000, 20000, 30000, 30000, 20000]
[40000, 50000, 40000, 20000, 30000, 20000, 20000, 20000, 20000, 20000, 20000, 20000, 20000, 20000, 20000, 20000, 20000]
[30000, 40000, 40000, 30000, 30000, 40000, 40000, 40000, 40000, 40000, 40000, 60000, 60000, 50000]
[10000, 10000, 10000, 20000, 20000, 20000, 30000, 20000, 20000, 20000, 20000, 20000, 20000, 20000, 10000, 20000]
[50000, 50000, 20000, 20000, 20000, 20000, 20000, 30000, 20000, 20000, 20000, 20000, 30000, 20000, 20000, 20000]
[50000, 30000, 30000, 30000, 30000, 30000, 30000, 30000, 30000, 30000, 30000, 30000, 30000, 30000, 30000, 30000]
[30000, 30000, 30000, 30000, 30000, 30000, 30000, 30000, 30000, 30000, 30000, 30000, 30000, 30000, 20000]
[80000, 30000, 90000, 40000, 80000, 80000, 100000, 30000, 90000, 30000, 80000, 20000, 20000, 80000, 100000, 100000, 100000]
[30000, 20000, 20000, 10000, 20000, 20000, 20000, 20000, 20000]
[10000, 10000, 20000, 20000, 20000, 20000, 20000, 20000, 20000, 20000, 20000, 20000, 20000, 20000, 20000, 20000]
[20000, 20000, 20000, 20000, 20000, 20000, 20000, 20000, 20000, 20000, 20000, 20000, 20000, 20000, 20000, 20000]
[10000, 10000, 20000, 20000, 20000, 20000, 20000, 20000, 20000, 20000, 20000, 20000, 20000, 20000, 70000, 10000]
[30000, 30000, 30000, 30000, 30000, 30000, 30000, 30000, 30000, 30000, 30000, 30000, 30000, 30000, 30000]
[20000, 20000, 20000, 30000, 20000, 20000, 20000, 20000, 20000, 20000, 30000, 20000, 20000, 20000, 20000, 20000]
[20000, 20000, 20000, 20000, 20000, 20000, 20000, 20000, 20000, 20000, 20000, 20000, 20000, 20000, 20000, 20000, 20000]
[70000, 20000, 20000, 20000, 20000, 30000, 20000, 30000, 30000, 30000, 30000, 30000, 20000, 20000, 20000]
[30000, 50000, 30000, 60000, 20000, 20000, 30000, 20000, 30000, 30000, 20000, 20000, 20000, 30000, 20000, 20000]
[30000, 30000, 30000, 20000, 20000, 30000, 30000, 30000, 30000, 30000, 20000, 30000, 30000, 30000, 30000, 30000, 30000]
[40000, 40000, 40000, 40000, 40000, 40000, 40000, 40000, 40000, 40000, 40000, 30000, 40000, 40000, 40000]
[30000, 30000, 80000, 10000, 50000, 0, 30000, 30000, 20000, 50000, 40000, 20000, 0, 20000, 20000, 20000]
