[27300, 30800, 27300, 27300, 25200, 27300, 27300, 27300, 27300, 30800, 30800, 30800, 27300, 27300, 27300]
[28350, 36450, 28350, 32400, 32400, 32400, 32400, 28350, 32400, 32400, 32400, 36450, 32400, 24300, 36450, 20250]
[32250, 20250, 22500, 29250, 22500, 23250, 26250, 31500, 33750, 26250, 22500, 20250, 22500, 26050]
[27300, 30800, 27300, 27300, 25200, 27300, 27300, 27300, 27300, 30800, 30800, 30800, 27300, 27300, 27300]
[28350, 36450, 28350, 32400, 32400, 32400, 32400, 28350, 32400, 32400, 32400, 36450, 32400, 24300, 36450, 20250]
[32250, 20250, 22500, 29250, 22500, 23250, 26250, 31500, 33750, 26250, 22500, 20250, 22500, 26050]
[22050, 22050, 18900, 22050, 22050, 15750, 22050, 28350, 28350, 28350, 28350, 28350, 28350, 28350, 28350]
[7000, 7000, 7000, 5600, 10500, 7000, 10500, 28000, 24500, 24500, 21000, 21000, 25900, 21000, 21000, 35000]
[19500, 22750, 26000, 22750, 22750, 26000, 22750, 22750, 26000, 22750, 29250, 26000, 26000, 26000, 32500]
[20000, 23200, 31200, 32000, 23200, 23200, 32000, 31200, 20000, 23200, 34400, 34400, 34400, 34400, 34400]
[17000, 12750, 15300, 15300, 15300, 27200, 27200, 23800, 23800, 23800, 23800, 23800, 23800, 23800, 27200, 19550]
[8000, 47200, 24000, 24000, 24000, 9600, 8000, 24000, 79200, 24000, 24000, 28000, 20000, 20000, 12000, 12000]
[83400, 29400, 89400, 35400, 77400, 77400, 95400, 30000, 89400, 29400, 83400, 21000, 21000, 77400, 95400, 95400, 101400]
[17500, 24500, 28000, 14000, 21000, 21000, 24500, 31500, 21000, 21000]
[297500, 21000, 28000, 28000, 28000, 28000, 28000, 28000, 28000, 21000, 28000, 28000, 28000, 24500, 24500, 24500]
[42000, 56000, 840000, 350000, 490000, 280000, 105000, 52500, 63000, 49000, 66500, 21000, 31500, 31500, 17500]
[18750, 24000, 21000, 21000, 21000, 21000, 21000, 21000, 21000, 21000, 21000, 21000, 26250, 26250, 26250, 26250]
[20000, 16000, 20000, 20000, 16000, 24000, 24000, 28000, 20000, 20000, 20000, 24000, 20000, 24000, 20000, 24000]
[27000, 22500, 18000, 22500, 18000, 27000, 27000, 22500, 22500, 22500, 22500, 22500, 27000, 27000, 22500, 27000]
[28000, 32000, 24000, 24000, 32000, 32000, 36000, 32000, 32000, 32000, 36000, 36000, 36000, 36000, 32000, 36000]
[28000, 32000, 28000, 28000, 40000, 24000, 24000, 28000, 24000]
[16100, 10500, 13300, 13300, 7000, 10500, 10500, 17500, 7000, 14000, 10500, 10500, 10500, 14000, 14000, 7000, 10500]
[16100, 13300, 10500, 13300, 13300, 13300, 10500, 10500, 10500, 7000, 14000, 17500, 17500, 7000, 10500, 14000, 10500]
[8000, 8000, 24000, 20000, 20000, 20000, 20000, 20000, 24000, 24000, 20000, 24000, 24000, 24000, 20000, 24000]
[35700, 33150, 29750, 33150, 33150, 35700, 35700, 38250, 38250, 35700, 33150, 33150, 33150, 33150, 38250, 24650]
[33750, 33750, 33750, 33750, 33750, 33750, 33750, 33750, 26250, 30000, 26250, 26250, 26250, 26250, 22500, 22500]
[25900, 35000, 30000, 26250, 26250, 30000, 30000, 22500, 22500, 26250, 22500, 26250, 30000, 30000, 26250, 27750]
[16400, 28700, 16400, 28700, 32000, 32000, 28700, 28700, 28700, 32000, 32000, 36900, 36900, 36900, 36900, 36900]
[27000, 36000, 36000, 27000, 27000, 19800, 31500, 36000, 27000, 22500, 31500, 36000, 31500, 43200, 43200]
[38000, 49000, 45000, 23500, 23500, 23500, 23500, 22500, 23500, 22500, 23500, 22500, 23500, 22500, 19500, 23500]
[29400, 27300, 26600, 34300, 29400, 23800, 17500, 25900, 25900, 27300, 24500, 29400, 25900, 22400, 27300, 29400, 27300]
[9600, 9600, 16000, 16000, 24000, 20000, 16000, 20000, 24000, 24000, 24000, 16000, 20000, 24000, 20000, 16000]
[13500, 31500, 13500, 13500, 15300, 21600, 27000, 30600, 22500, 22500, 26100, 31500, 31500, 31500, 31500]
[324350, 52000, 52000, 52000, 29250, 52000, 29250, 52000, 29250, 29250, 91000, 58500, 52000]
[16000, 12000, 8000, 20000, 12000, 24000, 12000, 24000, 16000, 20000, 20000, 20000, 20000, 16000, 20000, 20000]
[29750, 67150, 67150, 51000, 51000, 29750, 51000, 51000, 29750, 21250, 51000, 51000, 46750, 42500, 106250]
[41300, 28000, 28000, 35000, 38500, 38500, 39900, 38500, 38500, 38500, 38500, 44100, 39900, 44100]
[44100, 44100, 39900, 38500, 38500, 39900, 38500, 38500, 38500, 38500, 28000, 28000, 35000, 45500, 46900]
[32900, 37100, 39900, 39900, 31500, 27300, 31500, 41300, 38500, 41300, 38500, 41300, 41300, 45500]
[17000, 13500, 18000, 18000, 14500, 14500, 19500, 16000, 16000, 18500, 18500, 16000, 18500, 18500, 18500, 16000, 18500]
[55000, 30000, 25000, 55000, 55000, 25000, 30000, 35000, 30000, 55000, 55000, 55000, 55000, 50000, 50000]
[26500, 35000, 30000, 26500, 29500, 24500, 27500, 22500, 28500, 27500, 26500, 28500, 23500, 24500]
[26600, 26600, 25200, 25200, 25200, 22400, 22400, 22400, 38500, 24500, 24500, 24500, 24500, 24500, 24500]
[15000, 25200, 23400, 22800, 29400, 25200, 23400, 22200, 25200, 22200, 21000, 22200, 23400, 20400, 22800, 25200, 25200]
[35000, 31500, 35000, 38500, 31500, 38500, 38500, 31500, 38500, 31500, 31500, 35000, 31500, 31500, 31500, 35000]
[29400, 31500, 31500, 29400, 34300, 23100, 27300, 23100, 23100, 17500, 26600, 26600, 26600, 29400, 27300, 34300]
[19000, 19500, 21000, 21000, 24500, 18500, 21000, 22500, 18500, 17500, 19000, 18500, 19500, 21000, 18500, 17000, 12500]
[30000, 45000, 37500, 37500, 30000, 33750, 30000, 41250, 30000, 37500, 48750, 30000, 30000, 37500, 37500, 30000, 30000]
[19000, 19000, 19000, 19000, 19000, 19000, 19000, 19000, 19000, 19000, 19000, 19000, 19000, 19000, 19000, 19000, 19000]
[41650, 5950, 21250, 5100, 8500, 8500, 21250, 29750, 34000, 21250]
[34450, 38350, 35750, 34450, 38350, 38350, 35750, 35750, 31850, 31850, 31850, 38350, 35750, 37050, 34450, 34450]
[29250, 22750, 22750, 19500, 26000, 29250, 26000, 26000, 26000, 29250, 29250, 29250, 35750, 35750, 32500]
[24000, 24000, 27000, 21000, 21000, 19800, 19800, 19800, 19800, 19800, 15000, 21000, 22800, 24000, 21000, 22800]
[47200, 47200, 36000, 47200, 36000, 36000, 36000, 39200, 39200, 39200, 39200, 39200, 37600, 37600, 37600]
[38000, 17500, 17500, 17500, 17500, 17500, 17500, 17500, 17500, 17500, 23000, 19000, 22500, 22000, 19000]
[27000, 25000, 25000, 25000, 25000, 25000, 25000, 25000, 25000, 25000, 25000, 25000, 25000, 25000, 25000, 25000]
[23600, 19600, 21600, 23600, 21600, 20800, 23600, 23600, 19600, 23600, 21600, 19600, 19600, 20800, 19600, 19600, 23600]
[8100, 13500, 13500, 18000, 18000, 22500, 18000, 11700, 18000, 18000, 18000, 22500, 22500, 22500, 29700, 22500]
[24750, 24750, 33000, 24750, 24750, 24750, 24750, 33000, 24750, 24750, 33000, 24750, 24750, 24750, 33000, 33000, 45000]
[22800, 27000, 19800, 23400, 22200, 19800, 22200, 19800, 22200, 22800, 22800, 25200, 23400, 22800, 25200, 29400]
[22500, 13500, 27000, 18000, 13500, 18000, 9000, 22500, 13500, 22500, 72000, 22500, 22500, 27000, 27000, 27000]
[38400, 44000, 38400, 38400, 30400, 38400, 38400, 30400, 30400, 38400, 38400, 38400, 30400, 38400, 38400, 38400, 38400]
[38400, 38400, 46400, 36000, 68000, 30400, 38400, 30400, 30400, 38400, 38400, 30400, 38400, 38400, 38400, 38400]
[29750, 38250, 34000, 46750, 46750, 46750, 42500, 42500, 42500, 38250, 42500, 38250, 42500, 42500, 42500]
[29750, 38250, 34000, 46750, 46750, 46750, 42500, 46750, 46750, 42500, 46750, 46750, 42500, 42500, 42500, 38250]
[24000, 24000, 24000, 24000, 4000, 12000, 25600, 20000, 20000, 20000, 32000, 20000, 32000, 20000, 20000, 28000]
[20000, 24000, 32000, 32000, 32000, 32000, 28000, 28000, 24000, 24000, 32000, 32000, 32000, 32000, 36000, 44000, 12000]
[22400, 22400, 25900, 25900, 22400, 22400, 22400, 22400, 25900, 25900, 18900, 10500, 21000, 22400, 18900, 18900]
[38500, 45500, 42000, 45500, 45500, 42000, 45500, 45500, 45500, 45500, 45500, 45500, 42000, 45500, 45500, 52500]
[29400, 23400, 15000, 19200, 25200, 25200, 23400, 22800, 25200, 25200, 22200, 23400, 21000, 22200, 22200, 25200, 25200]
[25200, 27300, 32200, 27300, 29400, 18900, 15400, 23800, 19600, 20300, 20300, 25200, 20300, 18200, 17500, 16800]
[39000, 26000, 39000, 29000, 22000, 31500, 22000, 22000, 30000, 27000, 28000, 27000, 32000, 23000, 22000, 27000]
[38000, 17500, 17500, 17500, 17500, 17500, 17500, 17500, 17500, 17500, 23000, 19000, 22500, 22000, 19000]
[24750, 24750, 33000, 24750, 24750, 24750, 24750, 33000, 24750, 24750, 33000, 24750, 24750, 24750, 33000, 33000, 45000]
[39000, 26000, 39000, 29000, 22000, 31500, 22000, 22000, 30000, 27000, 28000, 27000, 32000, 23000, 22000, 27000]
[20000, 20000, 20000, 20000, 20000, 28000, 28000, 28000, 28000, 28000, 24000, 28000, 24000, 24000, 28000, 28000, 28000]
[26000, 26000, 22000, 22000, 23600, 23600, 23600, 26000, 26000, 26000, 23600, 26000, 26000, 26000, 26000, 27600]
[27600, 23400, 26400, 22800, 26400, 26400, 25200, 23400, 22800, 27600, 26400, 25200, 23400, 26400, 23400, 23400, 25200]
[27600, 23400, 26400, 22800, 26400, 26400, 25200, 23400, 23400, 26400, 22800, 25200, 25200, 27600, 23400, 21000, 26400]
[21000, 19000, 19500, 21000, 24500, 21000, 19500, 18500, 18500, 18500, 17000, 17500, 19500, 21000, 12500, 16000, 21000]
[33750, 33750, 30000, 30000, 31500, 33750, 30000, 30000, 30000, 30000, 33750, 33750, 33750, 30000, 30000]
[20300, 20300, 20300, 20300, 20300, 41300, 38500, 38500, 24500, 24500, 41300, 34300, 34300, 34300, 34300]
[25200, 23400, 22800, 25200, 29400, 19200, 22200, 21000, 22200, 22200, 25200, 23400, 20400, 15000, 25200, 23400, 25200]
[33600, 33600, 29400, 35000, 29400, 35000, 31500, 29400, 31500, 29400, 29400, 35000, 31500, 31500, 31500, 32200, 31500]
[40000, 80000, 32000, 25000, 35000, 30000, 25000, 25000, 25000, 25000, 35000, 35000, 35000, 30000, 30000]
[60000, 60000, 35000, 32500, 35000, 32500, 30000, 30000, 35000, 30000, 30000, 30000, 30000, 30000, 27500, 30000]
[24000, 32000, 32000, 36000, 32000, 40000, 40000, 40000, 32000, 28000, 36000, 32000, 32000, 36000, 24000]
[24000, 24000, 24000, 24000, 32000, 25000, 32000, 25000, 24000, 25000, 25000, 25000, 28000, 24000, 32000, 24000, 30000]
[20000, 20000, 20000, 20000, 20000, 20000, 20000, 20000, 20000, 20000, 20000, 20000, 20000, 20000, 20000, 20000]
[20000, 20000, 20000, 20000, 20000, 20000, 20000, 20000, 20000, 20000, 20000, 20000, 20000, 20000, 20000, 20000]
[20000, 24000, 22500, 26000, 19500, 22500, 21000, 24000]
[31500, 31500, 41300, 31500, 39900, 39900, 44100, 45500, 46900, 45500, 45500, 45500, 45500, 46900, 45500]
[23100, 23100, 23100, 25900, 23100, 29400, 27300, 27300, 23100, 26600, 23100, 18200, 18200, 14700, 27300]
[60000, 60000, 60000, 20000, 20000, 20000, 20000, 20000, 20000, 20000, 20000, 25000, 20000, 25000, 30000, 19500]
[97500, 65000, 39000, 26000, 24700, 24700, 32500, 37700, 65000, 65000, 16250, 16250]
[35000, 35000, 38500, 38500, 38500, 38500, 38500, 35000, 35000, 35000, 21000, 17500, 24500, 35000, 35000]
[20300, 20300, 20300, 20300, 20300, 38500, 41300, 38500, 24500, 41300, 24500, 34300, 34300, 34300, 34300]
[20300, 20300, 20300, 20300, 20300, 24500, 38500, 38500, 24500, 41300, 41300, 34300, 34300, 34300, 34300]
[25200, 23400, 22800, 25200, 29400, 21000, 22200, 23400, 25200, 22200, 20400, 23400, 25200, 15000, 22200, 19200, 25200]
[22500, 22500, 22500, 22500, 22500, 22500, 22500, 22500, 22500, 22500, 22500, 22500, 22500, 22500, 22500, 22500, 22500]
[62400, 60000, 60800, 31200, 31200, 28000, 31200, 31200, 26400, 31200, 31200, 26400, 35200, 31200, 35200, 24000]
[27000, 27000, 27000, 27000, 27000, 27000, 27000, 27000, 27000, 27000, 27000, 27000, 27000, 27000, 27000, 27000, 27000]
[27000, 31500, 18000, 27000, 27000, 45000, 27000, 27000, 31500, 36000, 27000, 27000, 27000, 27000, 40500]
[23100, 20900, 21450, 23100, 26950, 20350, 19250, 23100, 20350, 18700, 21450, 21450, 23100, 13750, 17600, 20350, 23100]
[17600, 24750, 23100, 24750, 26950, 28600, 26950, 24750, 23100, 18150, 21450, 18150, 18150, 23650, 13750, 20900]
[27000, 27000, 27000, 27000, 27000, 27000, 27000, 27000, 27000, 27000, 27000, 27000, 27000, 27000, 27000]
[29750, 29750, 29750, 29750, 21250, 29750, 29750, 29750, 29750, 29750, 34000, 21250, 11050]
[52800, 50400, 22800, 19800, 23400, 22200, 22200, 27000, 19800, 19800, 22800, 22200, 22800, 29400, 23400, 22800]
[19600, 26000, 23600, 23600, 23600, 24800, 24800, 24800, 23600, 26000, 23600, 22800, 26000, 23600]
[39000, 42000, 49000, 21000, 19000, 19500, 24500, 21000, 21000, 19500, 18500, 18500, 18500, 17500, 12500, 16000, 19500]
[25200, 23400, 29400, 25200, 22800, 22200, 21000, 22200, 25200, 20400, 15000, 22200, 25200, 23400, 19200, 25200, 23400]
[27500, 22500, 22500, 22500, 22500, 22500, 22500, 25000, 20000, 20000, 20000, 20000, 22500, 22500, 20000, 20000]
[20800, 31850, 24050, 26000, 25350, 20800, 20800, 20800, 29250, 31850, 29250, 22750, 22750, 22750, 24050, 22750]
[78000, 78000, 78000, 78000, 72000, 78000, 72000, 72000, 78000, 72000, 72000, 186000, 78000, 78000, 78000, 78000]
[31200, 31200, 35750, 44200, 44200, 24700, 24700, 31200, 31200, 44200, 35750, 44200, 24700, 35750]
[21450, 18850, 12350, 25350, 21450, 25350, 25350, 21450, 21450, 25350, 25350, 12350, 25350, 18850, 18850, 12350, 18850]
[12750, 12750, 25500, 21250, 25500, 12750, 12750, 21250, 25500, 25500, 21250, 21250, 25500, 21250, 21250, 21250, 21250]
[14000, 14000, 13500, 12000, 12000, 13500, 12000, 17500, 17500, 20000, 12000, 20000, 22500, 17500, 17500, 17500]
[25200, 23400, 22800, 25200, 29400, 22200, 22200, 23400, 25200, 20400, 22200, 21000, 23400, 19200, 25200, 25200, 15000]
[31200, 24700, 31200, 44200, 35750, 44200, 24700, 35750, 44200, 44200, 35750, 31200, 31200, 24700]
[31200, 44200, 31200, 24700, 44200, 35750, 24700, 31200, 31200, 44200, 35750, 44200, 24700, 35750]
[24700, 35750, 31200, 35750, 31200, 24700, 44200, 44200, 31200, 31200, 44200, 35750, 44200, 24700]
[31200, 31200, 44200, 35750, 44200, 24700, 44200, 35750, 31200, 31200, 24700, 44200, 24700, 35750]
[29250, 19500, 22750, 16250, 16250, 17550, 20800, 19500, 19500, 16250, 24700, 19500, 26000, 22750, 19500]
[31200, 24700, 31200, 44200, 44200, 35750, 44200, 35750, 31200, 44200, 31200, 24700, 24700, 35750]
[31200, 24700, 31200, 44200, 35750, 44200, 44200, 31200, 31200, 24700, 35750, 44200, 24700, 35750]
[31200, 44200, 35750, 44200, 31200, 24700, 31200, 31200, 24700, 44200, 44200, 35750, 24700, 35750]
[31200, 24700, 44200, 31200, 35750, 44200, 35750, 24700, 44200, 44200, 35750, 31200, 31200, 24700]
[24700, 31200, 31200, 44200, 35750, 44200, 35750, 24700, 44200, 44200, 31200, 35750, 31200, 24700]
[24700, 35750, 44200, 44200, 31200, 31200, 35750, 24700, 44200, 24700, 31200, 31200, 35750, 44200]
[30400, 30400, 32800, 32800, 32800, 32800, 32800, 32800, 30400, 28800, 30400, 25600, 25600, 25600, 25600, 25600]
[35400, 36000, 12300, 15300, 16500, 19500, 20400, 19500, 20400, 20400, 19500, 19500, 19500, 15300, 15300]
[17500, 17500, 17500, 17500, 31500, 34300, 31500, 27300, 27300, 34300, 34300, 31500, 34300, 41300, 41300, 41300]
[18200, 24950, 23750, 24950, 27350, 26150, 38500, 40950, 36750, 18100, 18900, 18900, 18100, 20950, 20150]
[40950, 38500, 36750, 20650, 18200, 20650, 20300, 23800, 22750, 16450, 17150, 18200, 17500, 16450, 15750]
[20650, 18200, 20300, 20650, 23800, 22750, 15750, 17150, 15750, 18200, 16450, 15750, 15750, 15750, 20300]
[30400, 30400, 32800, 32800, 32800, 32800, 32800, 32800, 30400, 28800, 30400, 25600, 25600, 25600, 25600, 25600]
[30400, 30400, 32800, 32800, 32800, 32800, 32800, 32800, 30400, 28800, 30400, 25600, 25600, 25600, 25600, 25600]
[30400, 30400, 32800, 32800, 32800, 32800, 32800, 32800, 30400, 30400, 25600, 25600, 25600, 25600, 25600, 25600]
[30400, 30400, 32800, 32800, 32800, 32800, 32800, 32800, 30400, 28800, 30400, 25600, 25600, 25600, 25600, 25600]
[27000, 23400, 29400, 27000, 33000, 35400, 23400, 23400, 23400, 30000, 33000, 33000, 27000, 33000, 33000, 33000]
[30400, 30400, 32800, 32800, 32800, 32800, 32800, 32800, 30400, 28800, 30400, 25600, 25600, 25600, 25600, 25600]
[30400, 30400, 32800, 32800, 32800, 32800, 32800, 32800, 30400, 28800, 30400, 25600, 25600, 25600, 25600, 25600]
[30400, 30400, 32800, 32800, 32800, 32800, 32800, 32800, 30400, 28800, 30400, 25600, 25600, 25600, 25600, 25600]
[30400, 30400, 32800, 32800, 32800, 32800, 32800, 32800, 28800, 30400, 25600, 25600, 25600, 25600, 25600, 25600]
[30400, 30400, 32800, 32800, 32800, 32800, 32800, 32800, 30400, 28800, 30400, 25600, 25600, 25600, 25600, 25600]
[25600, 25600, 25600, 25600, 25600, 25600, 25600, 28000, 25600, 22400, 25600, 25600, 23200, 25600, 23200, 25600]
[25600, 25600, 25600, 25600, 25600, 25600, 25600, 22400, 25600, 23200, 25600, 25600, 25600, 25600, 23200, 23200]
[30400, 30400, 32800, 32800, 32800, 32800, 32800, 32800, 30400, 28800, 30400, 25600, 25600, 25600, 25600, 25600]
[39000, 25000, 30000, 33000, 60000, 65000, 69000, 74000, 30000, 36000, 39000, 33000, 39000, 39000, 36000]
[39000, 30000, 25000, 33000, 60000, 65000, 30000, 36000, 39000, 39000, 39000, 41000, 35000, 39000]
[39000, 33000, 30000, 25000, 60000, 65000, 30000, 36000, 39000, 39000, 39000, 35000, 41000, 39000]
[35200, 24000, 17600, 17600, 17600, 17600, 17600, 16000, 16000, 16000, 7200, 20000, 20000, 24000, 20000]
[23400, 27000, 29400, 33000, 35400, 33000, 27000, 23400, 23400, 23400, 33000, 33000, 30000, 27000, 33000]
[27000, 23400, 29400, 27000, 33000, 35400, 23400, 23400, 23400, 30000, 33000, 33000, 23400, 39000, 33000, 33000]
[27000, 23400, 29400, 27000, 33000, 35400, 23400, 23400, 23400, 30000, 33000, 33000, 33000, 33000, 23400, 17400]
[27000, 23400, 29400, 27000, 33000, 35400, 23400, 23400, 23400, 30000, 33000, 33000, 27000, 33000, 33000, 33000]
[27000, 23400, 29400, 27000, 33000, 35400, 33000, 23400, 23400, 23400, 30000, 33000, 33000, 33000, 27000]
[27000, 23400, 29400, 27000, 33000, 35400, 23400, 23400, 23400, 30000, 33000, 33000, 33000, 17400, 33000, 33000]
[27000, 23400, 29400, 27000, 33000, 35400, 23400, 23400, 23400, 30000, 33000, 33000, 27000, 33000, 33000, 33000]
[27000, 23400, 29400, 27000, 33000, 23400, 23400, 30000, 33000, 33000, 33000, 33000, 33000, 23400, 17400, 33000]
[27000, 23400, 29400, 27000, 33000, 33000, 23400, 23400, 30000, 33000, 33000, 23400, 39000, 17400, 39000, 17400]
[27000, 23400, 29400, 27000, 33000, 23400, 30000, 33000, 33000, 33000, 33000, 33000, 33000, 39000, 17400, 39000]
[27000, 23400, 29400, 27000, 33000, 35400, 23400, 23400, 23400, 33000, 30000, 33000, 27000, 33000, 33000, 33000]
[19500, 19500, 19500, 22500, 19500, 17400, 17700, 17100, 16500, 17400, 15900, 15900, 15900, 15900, 15900, 19500, 20100]
[27000, 29400, 33000, 23400, 27000, 35400, 33000, 23400, 23400, 23400, 30000, 33000, 23400, 23400, 23400]
[27000, 23400, 29400, 27000, 33000, 35400, 33000, 23400, 23400, 23400, 30000, 33000, 33000, 27000, 33000]
[27000, 23400, 29400, 27000, 33000, 35400, 23400, 23400, 23400, 30000, 33000, 33000, 33000, 33000, 33000, 17400]
[27000, 23400, 29400, 27000, 33000, 33000, 35400, 23400, 23400, 23400, 33000, 33000, 30000, 27000, 33000]
[23400, 27000, 29400, 27000, 33000, 17400]
[27000, 23400, 29400, 27000, 33000, 35400, 23400, 23400, 23400, 30000, 33000, 33000, 27000, 33000, 33000, 33000]
[27000, 23400, 29400, 27000, 33000, 35400, 23400, 23400, 23400, 30000, 33000, 33000, 33000, 33000, 33000, 23400]
[27000, 23400, 29400, 27000, 33000, 35400, 33000, 23400, 23400, 23400, 33000, 33000, 30000, 33000, 33000]
[23400, 27000, 29400, 27000, 33000, 35400, 23400, 23400, 33000, 30000, 33000, 33000, 33000, 33000, 33000, 17400]
[27000, 23400, 29400, 27000, 29400, 29400, 27000, 27000, 23400, 23400, 23400, 27000, 29400, 23400, 21000]
[23400, 27000, 27000, 29400, 33000, 35400, 23400, 23400, 23400, 30000, 33000, 33000, 33000, 33000, 33000, 27000]
[27000, 23400, 29400, 27000, 27000, 29400, 23400, 23400, 23400, 21000, 29400, 29400, 29400, 29400]
[27000, 23400, 29400, 27000, 33000, 23400, 23400, 23400, 30000, 33000, 27000, 33000, 23400, 33000, 33000, 17400]
[23400, 27000, 27000, 33000, 35400, 33000, 23400, 23400, 23400, 30000, 33000, 33000, 27000, 33000, 33000, 23400]
[27000, 23400, 29400, 27000, 35400, 23400, 23400, 23400, 30000, 33000, 27000, 33000, 33000, 33000, 33000, 23400]
[27000, 23400, 29400, 27000, 33000, 23400, 23400, 23400, 30000, 33000, 27000, 33000, 33000, 33000, 27000, 17400]
[26950, 21450, 26950, 28600, 28600, 28600, 23100, 28600, 23100, 23100, 23100, 24750, 30250, 30250, 24750, 30250]
[26950, 26950, 21450, 28600, 28600, 28600, 23100, 28600, 23100, 23100, 23100, 30250, 24750, 30250, 24750, 30250]
[22500, 22500, 24000, 24500, 21000, 16500, 19500, 16500, 16500, 29000, 12500, 21000, 22500, 21000, 19000, 21000]
[43500, 43500, 22500, 21000, 22500, 21000, 24500, 16500, 19500, 16500, 22000, 16500, 12500, 21000, 19500]
[25200, 21000, 25200, 21000, 33000, 21000, 25200, 36000, 33600, 29400, 25200, 27000, 27000, 22800, 22800]
[22000, 22800, 20000, 20000, 20000, 24000, 23600, 23600, 18800, 18800, 19600, 18800, 20000, 22000, 19600]
[25200, 23400, 22800, 25200, 29400, 27000, 25200, 22800, 21000, 22200, 22200, 25200, 22200, 22200, 23400, 20400, 23400]
[20400, 21000, 25200, 25200, 21000, 25200, 21000, 17400, 20400, 20400, 17400, 25200, 19800, 24000, 20400, 24000]
[21000, 25200, 21000, 25200, 21000, 25200, 17400, 14400, 17400, 14400, 17400, 14400, 17400, 17400, 20400, 20400]
[29400, 27300, 26600, 29400, 34300, 25900, 25900, 23800, 29400, 25900, 27300, 27300, 24500, 29400, 17500, 29400, 27300]
[15000, 22500, 18750, 18750, 16500, 16500, 18750, 18750, 18750, 15000, 26250, 26250, 15000, 15000, 18750, 18750]
[15000, 18750, 16500, 22500, 18750, 16500, 18750, 18750, 26250, 26250, 15000, 18750, 18750, 15000, 18750, 18750]
[15000, 16500, 18750, 16500, 18750, 22500, 18750, 26250, 26250, 18750, 18750, 15000, 15000, 18750, 18750, 18750]
[13000, 16250, 19500, 22750, 14300, 13000, 14300, 16250, 16250, 16250, 22750, 13000, 13000, 16250, 16250, 16250]
[16250, 22750, 13000, 14300, 16250, 16250, 9750, 9750, 13000, 14300, 16250, 14300, 19500, 13000]
[65000, 65000, 32500, 28500, 32500, 26500, 28500, 28500, 28500, 27500, 27500, 28500, 27500, 27500, 27500]
[25000, 20000, 20000, 5000, 25000, 25000, 25000, 5000, 5000, 20000, 25000, 25000, 5000, 10000, 25000, 15000]
[33000, 33000, 18000, 18000, 24000, 24000, 27000, 33000, 33000, 30000, 33000, 33000, 24000, 25200, 24000]
[14000, 14000, 14000, 15750, 20300, 17500, 21000, 21000, 19250, 19950, 21350, 19250, 19250, 19250, 19250, 19950]
[40000, 20000, 17500, 22500, 20000, 17500, 19000, 19000, 22500, 19000, 17500, 17500, 19000, 19000, 19000, 17500, 19000]
[31500, 33600, 33600, 40600, 31500, 28000, 33600, 40600, 40600, 24000, 19000, 26000, 35000, 28008, 30000, 33000]
[32900, 32900, 41300, 32900, 32900, 32900, 32900, 32900, 32900, 32900, 32900, 32900, 37800, 48300, 48300, 32900, 37800]
[32900, 32900, 32900, 41300, 32900, 32900, 32900, 32900, 32900, 32900, 37800, 32900, 48300, 32900, 32900, 48300, 37800]
[22800, 19800, 22800, 19800, 22800, 15000, 23400, 22200, 22200, 19800, 22200, 25200, 23400, 22800, 25200, 22200]
[31500, 33600, 40600, 28000, 33600, 31500, 40600, 33600, 40600, 24000, 19000, 26000, 33000, 28008, 30000, 33000]
[31500, 33600, 40600, 28000, 33600, 31500, 40600, 33600, 40600, 24000, 19000, 26000, 33000, 30000, 28008, 35000]
[31500, 33600, 40600, 33600, 31500, 28000, 40600, 33600, 40600, 24000, 19000, 26000, 28008, 33000, 30000, 28000]
[33600, 28000, 40600, 33600, 31500, 33600, 40600, 40600, 24000, 19000, 26000, 28008, 28000, 35000, 35000, 33000]
[31500, 33600, 40600, 28000, 33600, 31500, 33600, 40600, 40600, 24000, 19000, 26000, 33000, 28008, 28000, 30000]
[33600, 40600, 33600, 40600, 33600, 40600, 24000, 19000, 33000, 28008, 30000, 35000, 30000, 33000, 28000, 33000, 35000]
[31500, 33600, 40600, 33600, 31500, 28000, 33600, 40600, 40600, 19000, 24000, 26000, 35000, 28008, 30000, 33000]
[31500, 33600, 40600, 31500, 33600, 28000, 40600, 33600, 40600, 24000, 19000, 26000, 33000, 28008, 35000, 33000]
[31500, 33600, 40600, 28000, 31500, 33600, 40600, 33600, 40600, 24000, 19000, 26000, 33000, 35000, 35000, 28008]
[31500, 33600, 40600, 28000, 31500, 33600, 40600, 33600, 40600, 24000, 19000, 26000, 33000, 28000, 30000, 33000]
[33600, 28000, 31500, 40600, 33600, 33600, 40600, 40600, 19000, 24000, 26000, 28000, 33000, 35000, 28008, 33000]
[33600, 40600, 33600, 28000, 31500, 33600, 40600, 40600, 24000, 19000, 26000, 28008, 33000, 30000, 35000, 33000]
[31500, 33600, 31500, 33600, 40600, 40600, 33600, 40600, 28000, 24000, 19000, 26000, 28000, 35000, 33000, 30000]
[33600, 40600, 31500, 33600, 40600, 28000, 40600, 33600, 19000, 24000, 26000, 33000, 30000, 28000, 28008, 35000]
[31500, 33600, 31500, 33600, 28000, 40600, 33600, 40600, 40600, 24000, 19000, 35000, 28000, 33000, 30000, 33000]
[31500, 33600, 40600, 28000, 33600, 31500, 33600, 40600, 40600, 19000, 24000, 26000, 33000, 35000, 28000, 28008]
[31500, 33600, 40600, 31500, 33600, 28000, 33600, 40600, 40600, 19000, 24000, 26000, 33000, 28008, 30000, 33000]
[31500, 33600, 40600, 28000, 33600, 40600, 31500, 33600, 40600, 24000, 26000, 35000, 33000, 28008, 35000, 30000]
[31500, 33600, 40600, 28000, 31500, 33600, 40600, 40600, 33600, 19000, 24000, 26000, 28000, 33000, 28008, 35000]
[33600, 28000, 31500, 33600, 40600, 40600, 33600, 40600, 19000, 24000, 26000, 35000, 33000, 28000, 28008, 35000]
[31500, 33600, 31500, 40600, 33600, 28000, 33600, 40600, 40600, 24000, 19000, 26000, 28008, 35000, 30000, 33000]
[31500, 33600, 40600, 28000, 31500, 33600, 40600, 33600, 40600, 19000, 24000, 26000, 28008, 28000, 33000, 35000]
[23400, 23400, 23400, 23400, 23400, 23400, 23400, 23400, 23400, 15000, 15000, 19200, 19200, 19200, 19200, 19200]
[28500, 18750, 22500, 18750, 28500, 31500, 28500, 28500, 28500, 28500, 28500, 30000, 30000, 26250, 33750]
[19250, 16500, 16500, 17600, 28600, 16500, 30000, 25000, 32000, 23650, 19250, 13750, 28600, 33000, 27500]
[19800, 27000, 19800, 25200, 25200, 22800, 27000, 34200, 21600, 27000, 32400, 29400, 21600, 25200, 25800, 29400]
[27000, 19800, 25200, 25200, 22800, 27000, 16200, 27000, 21600, 19800, 34200, 20400, 23400, 28800, 32400, 29400, 32400]
[22000, 22000, 22000, 12800, 47200, 16800, 97000, 124000, 23600, 22000, 23600, 22000, 27600]
[15000, 30000, 25000, 22500, 22500, 22500, 25000, 22500, 22500, 22500, 22500, 22500, 22500, 22500, 22500, 22500, 22500]
[29700, 30250, 25300, 26400, 30250, 30250, 25300, 28600, 28600, 28600, 28600, 31350, 28600, 23650, 23650]
[37400, 38500, 24750, 23650, 19250, 16500, 16500, 17600, 28600, 16500, 23100, 23100, 26400, 23100, 23100]
[17600, 16500, 19250, 28600, 16500, 16500, 37400, 70000, 45000, 43000, 19250, 13750, 16500, 17600, 16500]
[17500, 20000, 22500, 20000, 22500, 22500, 25000, 25000, 25000, 25000, 26500, 24000, 22500, 22500]
[28500, 22500, 18750, 18750, 28500, 31500, 28500, 28500, 28500, 28500, 28500, 30000, 30000, 33750, 26250]
[8000, 15000, 20000, 25000, 20000, 28500, 22500, 18750, 18750, 28500, 28500, 31500, 28500, 28500, 28500]
[22500, 18750, 28500, 18750, 28500, 28500, 31500, 28500, 28500, 28500, 28500, 33750, 33750, 18750, 30000]
[18750, 22500, 28500, 18750, 28500, 31500, 28500, 28500, 28500, 28500, 28500, 30000, 30000, 26250, 33750]
[8000, 25000, 20000, 15000, 20000, 28500, 18750, 22500, 18750, 28500, 31500, 28500, 28500, 28500, 28500]
[22500, 18750, 28500, 18750, 28500, 31500, 28500, 28500, 28500, 28500, 28500, 26250, 30000, 30000, 33750]
[25000, 15000, 20000, 20000, 8000, 28500, 22500, 18750, 18750, 28500, 31500, 28500, 28500, 28500, 28500]
[28500, 18750, 22500, 18750, 28500, 31500, 28500, 28500, 28500, 28500, 28500, 30000, 30000, 33750, 26250]
[22500, 18750, 28500, 18750, 28500, 31500, 28500, 28500, 28500, 28500, 28500, 30000, 30000, 33750, 18750]
[25000, 20000, 15000, 8000, 20000, 18750, 28500, 22500, 18750, 28500, 28500, 31500, 28500, 28500, 28500]
[18750, 28500, 22500, 18750, 28500, 31500, 28500, 28500, 28500, 28500, 28500, 30000, 30000, 26250, 33750]
[22500, 28500, 18750, 18750, 28500, 28500, 31500, 28500, 28500, 28500, 28500, 26250, 30000, 30000, 33750]
[28500, 22500, 18750, 18750, 28500, 28500, 31500, 28500, 28500, 28500, 28500, 26250, 30000, 30000, 33750]
[18750, 28500, 22500, 18750, 28500, 31500, 28500, 28500, 28500, 28500, 28500, 30000, 30000, 26250, 33750]
[18750, 28500, 22500, 18750, 28500, 31500, 28500, 28500, 28500, 28500, 28500, 30000, 30000, 33750, 26250]
[28500, 18750, 22500, 18750, 28500, 31500, 28500, 28500, 28500, 28500, 28500, 30000, 30000, 33750, 26250]
[65000, 55000, 18750, 28500, 22500, 18750, 28500, 31500, 28500, 28500, 28500, 28500, 28500, 30000]
[28000, 36000, 31200, 31200, 28000, 28000, 36000, 20000, 23200, 28000, 31200, 23200, 31200, 31200, 23200, 28000]
[20000, 25000, 8000, 20000, 15000, 18750, 22500, 28500, 18750, 28500, 31500, 28500, 28500, 28500, 28500]
[28500, 22500, 18750, 18750, 28500, 31500, 28500, 28500, 28500, 28500, 28500, 30000, 26250, 30000, 33750]
[28500, 18750, 22500, 18750, 28500, 31500, 28500, 28500, 28500, 28500, 28500, 30000, 33750, 26250, 33750]
[37800, 37800, 37800, 32400, 32400, 32400, 34200, 34200, 34200, 34200, 34200, 29700, 29700, 37800, 40500]
[22500, 25350, 25350, 29250, 27300, 27300, 27300, 27300, 27300, 22750, 22750, 22750, 22750, 22750, 22750]
[22500, 22750, 25350, 25350, 29250, 27300, 27300, 27300, 27300, 27300, 22750, 22750, 22750, 29250]
[23500, 26500, 23500, 23500, 22500, 22500, 22500, 22500, 22500, 22500, 24500, 27500, 21500, 22500, 18500, 21500]
[29700, 34200, 25200, 22500, 34200, 34200, 25200, 34200, 25200, 31500, 40500, 31500, 31500, 25200, 27000, 27000]
[31500, 40500, 31500, 31500, 31500, 25200, 22500, 27000, 27000, 34200, 22500, 34200, 34200, 25200, 34200]
[27000, 13500, 13500, 22500, 27000, 22500, 22500, 22500, 22500, 22500, 22500, 22500, 22500, 24300, 22500, 22500, 22500]
[10800, 16200, 16200, 16200, 27000, 21600, 27000, 16200, 21600, 27000, 27000, 27000, 21600, 31500, 22500, 10800]
[10800, 13500, 13500, 18000, 22500, 18000, 18000, 18000, 22500, 10800, 10800, 22500, 22500, 22500, 22500, 22500, 22500]
[39000, 42000, 42000, 49000, 46000, 23000, 23000, 23000, 23000, 22000, 22000, 22000, 22000, 15000, 15000, 15000]
[26950, 26950, 21450, 23100, 28600, 23100, 23100, 28600, 28600, 23100, 28600, 24750, 30250, 24750, 24750, 30250]
[26950, 21450, 26950, 23100, 28600, 23100, 28600, 23100, 28600, 28600, 23100, 30250, 30250, 24750, 30250, 24750]
[26950, 26950, 21450, 28600, 28600, 28600, 23100, 23100, 28600, 23100, 23100, 24750, 30250, 30250, 24750, 24750]
[26950, 21450, 26950, 23100, 28600, 23100, 28600, 28600, 28600, 23100, 23100, 24750, 30250, 30250, 24750, 24750]
[26950, 26950, 21450, 28600, 23100, 28600, 23100, 28600, 23100, 28600, 23100, 30250, 24750, 30250, 24750, 30250]
[26950, 26950, 21450, 28600, 28600, 23100, 28600, 28600, 23100, 23100, 23100, 30250, 24750, 30250, 30250, 24750]
[26950, 21450, 26950, 23100, 28600, 28600, 28600, 23100, 23100, 28600, 23100, 24750, 30250, 24750, 30250, 24750]
[26950, 26950, 21450, 28600, 23100, 28600, 28600, 23100, 28600, 23100, 23100, 30250, 24750, 30250, 24750, 30250]
[26950, 26950, 21450, 28600, 23100, 28600, 23100, 28600, 28600, 23100, 23100, 30250, 24750, 30250, 24750, 30250]
[26950, 26950, 21450, 28600, 28600, 28600, 23100, 23100, 28600, 23100, 23100, 30250, 24750, 30250, 30250, 30250]
[26950, 26950, 21450, 28600, 23100, 28600, 23100, 28600, 28600, 23100, 23100, 30250, 24750, 30250, 24750, 30250]
[26950, 26950, 21450, 28600, 23100, 28600, 28600, 23100, 28600, 23100, 23100, 30250, 24750, 30250, 24750, 30250]
[22500, 16500, 19000, 19500, 18500, 16500, 16500, 18500, 21000, 19000, 19500, 21000, 24500, 18500, 17500, 18500]
[22500, 26000, 27500, 25000, 26000, 28000, 24500, 26000, 25000, 25000, 26000, 25000, 26000, 24500, 26000]
[32000, 32000, 32000, 40000, 45600, 40000, 84000, 36000, 30400, 40000, 44000, 40000, 36000, 46400, 40000, 76000]
[40500, 24300, 33300, 40500, 40500, 33300, 33300, 33300, 33300, 40500, 40500, 40500, 24300, 24300, 21600]
[47000, 43000, 47000, 47000, 37000, 43000, 36000, 36000, 36000, 42000, 36000, 42000, 36000, 42000, 36000, 36000, 36000]
[17700, 17700, 17700, 17700, 17700, 17700, 17700, 17100, 17700, 17100, 20700, 20700, 18900, 21900, 17700]
[24000, 24000, 11200, 4800, 9600, 16000, 28000, 9600, 24000, 16000, 16000, 16000, 16000, 24000, 16000, 16000]
[32000, 32000, 32000, 40000, 40000, 32000, 45600, 42400, 42400, 40000, 40000, 84000, 36000, 44000, 46400, 30400]
[39000, 33000, 27000, 33000, 25200, 31200, 27000, 33000, 23400, 29400, 25200, 31200, 31200, 25200, 25200, 31200]
[28800, 30000, 21000, 27000, 27000, 30000, 21000, 28800, 28800, 28800, 28800, 28800, 35400, 39000, 33000]
[28800, 30000, 30000, 21000, 28800, 28800, 28800, 28800, 28800, 39000, 35400, 33000, 33000, 35400, 33000, 33000]
[28800, 30000, 30000, 21000, 28800, 28800, 30000, 28800, 28800, 28800, 28800, 28800, 28800, 35400, 39000]
[28800, 30000, 21000, 30000, 28800, 28800, 28800, 28800, 28800, 39000, 35400, 33000, 33000, 35400, 33000, 33000]
[28800, 30000, 30000, 21000, 28800, 28800, 28800, 28800, 28800, 39000, 35400, 33000, 33000, 35400, 33000, 33000]
[28800, 30000, 30000, 21000, 28800, 28800, 28800, 28800, 28800, 39000, 35400, 33000, 33000, 33000, 35400, 33000]
[152150, 220150, 67150, 109650, 92650, 160650, 398650, 279650, 475150, 475150, 475150, 500650, 500650, 500650, 500650, 738650, 764150]
[220150, 160650, 109650, 92650, 67150, 152150, 398650, 475150, 475150, 500650, 500650, 764150, 500650, 738650, 279650, 475150, 500650]
[15000, 15000, 15000, 15000, 15000, 15000, 15000, 15000, 15000, 15000, 15000, 15000, 15000, 10000]
[27500, 27500, 30000, 41300, 34300, 38500, 42700, 41300, 30100, 31500, 31500, 28700, 38500, 32900]
[41300, 35700, 32900, 28700, 28700, 39900, 32900, 39900, 35700, 28700, 32900, 34300, 30100, 37800, 33600, 37800]
[16500, 19000, 16500, 16500, 19500, 17500, 17500, 21000, 12500, 31500, 29400, 31500, 31500, 34300, 29400, 34300]
[28000, 24500, 28000, 21000, 28000, 31500, 40600, 35000, 35000, 40600, 40600, 35000, 35000, 35000, 12000]
[22500, 25500, 25500, 25500, 21250, 25500, 21250, 21250, 21250, 21250, 21250, 21250, 25500, 25500, 21250, 21250]
[23100, 24500, 28000, 24500, 24500, 24500, 31500, 31500, 31500, 31500, 31500, 31500, 32900, 32900, 32900]
[32000, 24000, 24000, 28000, 36000, 28000, 20000, 28000, 40000, 40000, 24000, 36000, 28000, 20000, 28000, 36000]
[29500, 29500, 24500, 26000, 29500, 29500, 29500, 29500, 29500, 24500, 24500, 27000, 27000, 27000, 26000, 24500, 24500]
[32900, 39900, 37100, 46900, 31500, 31500, 34300, 45500, 45500, 45500, 45500]
[24000, 24000, 24000, 22400, 24000, 22400, 22400, 22400, 22400, 24000, 22400, 22400, 24000, 24000, 20000, 22400]
[24500, 25200, 25200, 25200, 25200, 25200, 30100, 32200, 32200, 30100, 32200, 32200, 34300, 34300]
[27300, 38500, 27300, 41300, 35700, 28700, 28700, 28700, 33600, 30100, 33600, 33600, 38500, 35700, 41300]
[49000, 39000, 39000, 49000, 19000, 49000, 35000, 39000, 49000, 30000, 39000, 49000, 49000, 49000]
[23600, 44800, 47200, 51200, 24400, 24400, 24400, 23600, 27600, 25200, 27600, 19600, 19600, 19600]
[39600, 44550, 46200, 17600, 19800, 30250, 19800, 19800, 19800, 19800, 20900, 19800, 20900, 20900, 30250, 22000]
[39600, 46200, 44550, 17600, 30250, 19800, 19800, 19800, 19800, 20900, 20900, 20900, 19800, 19800, 24750, 24750]
[25000, 25000, 25000, 48000, 42500, 42500, 42500, 25000, 25000, 25000, 25000, 25000, 25000, 25000]
[18000, 15000, 21000, 15000, 15000, 21000, 15000, 15000, 21000, 12000, 24000]
[27500, 27500, 30000, 31500, 30100, 28700, 32900, 31500, 30100, 31500, 31500, 38500, 39900, 34300, 31500]
[27500, 27500, 30000, 31500, 32900, 38500, 30100, 31500, 39900, 34300, 31500, 31500, 32900, 31500, 41300]
[27500, 27500, 30000, 31500, 30100, 28700, 31500, 30100, 38500, 32900, 31500, 39900, 31500, 34300, 31500]
[27500, 30000, 27500, 42700, 41300, 38500, 41300, 34300, 30100, 31500, 31500, 28700, 38500, 32900, 30100]
[27500, 27500, 30000, 41300, 38500, 34300, 30100, 31500, 31500, 32900, 30100, 38500, 31500, 39900]
[27500, 27500, 31500, 30100, 31500, 28700, 30100, 38500, 32900, 31500, 39900, 34300, 31500, 41300, 32900]
[27500, 30000, 41300, 42700, 41300, 38500, 34300, 27500, 31500, 30100, 31500, 30100, 38500, 32900, 31500]
[27500, 30000, 27500, 41300, 38500, 34300, 42700, 41300, 31500, 30100, 30100, 31500, 32900, 38500]
[46200, 39600, 44550, 30250, 17600, 19800, 19800, 19800, 19800, 20900, 20900, 19800, 19800, 24750, 24750, 24750]
[44550, 39600, 46200, 30250, 17600, 19800, 30250, 19800, 19800, 20900, 20900, 19800, 19800, 24750, 19800, 24750]
[27000, 27000, 27000, 27000, 27000, 11400, 11400, 28200, 28200, 28200, 27000, 31800, 23400, 23400, 23400, 31800]
[9000, 9000, 9000, 9000, 13500, 13500, 13500, 13500, 13500, 13500, 13500, 13500, 13500, 18000, 18000, 18000]
[39000, 81000, 81000, 81000, 81000, 81000, 81000, 81000, 81000, 81000, 28200, 30600, 34200, 28200, 24600, 24600]
[39000, 81000, 81000, 81000, 81000, 81000, 81000, 81000, 81000, 81000, 28800, 24600, 30600, 28200, 24600, 28200]
[28000, 49500, 15500, 19000, 12500, 14500, 10000, 20000, 10000, 25000, 30000, 15000, 25000, 10000, 25000]
[27000, 19800, 25200, 25200, 27000, 34200, 19800, 16200, 22800, 21600, 29400, 27000, 20400, 32400, 23400, 29400]
[28000, 36000, 36000, 28000, 31200, 44000, 35000, 35000, 45000, 39000, 45000, 65000, 55000, 50000]
[21000, 19600, 19600, 17500, 17500, 17500, 24500, 19600, 19600, 24500, 24500, 19600, 19600, 24500, 19600, 19600]
[28000, 20000, 24000, 24000, 20000, 16000, 28000, 16000, 24000, 28000, 24000, 32000, 20000, 24000, 24000, 24000]
[28000, 28000, 32000, 28000, 32000, 24000, 28000, 8000, 28000, 28000, 28000, 32000, 44000, 28000, 32000]
[24000, 24000, 14400, 14400, 17600, 17600, 24000, 24000, 24000, 19200, 24000, 24000, 12000, 24000, 17600, 19200, 28800]
[56000, 32000, 24000, 24000, 24000, 24000, 24000, 24000, 24000, 24000, 24000, 24000, 32000, 32000]
[17600, 17600, 23100, 21450, 23100, 15950, 17600, 23100, 17600, 20350, 17600, 23100, 25850, 15950, 23100, 21450, 25850]
[23100, 23100, 19800, 16500, 24750, 20350, 20900, 29150, 16500, 23100, 23100, 18700, 20900, 18700, 12100, 17600]
[26950, 34100, 22000, 30250, 22050, 17550, 23400, 23400, 18900, 23400, 18900, 23400, 18900, 18900, 24750, 20250]
[20700, 22050, 22050, 22050, 17550, 22050, 17550, 17550, 17550, 16200, 24300, 24300, 24750, 19800, 24300, 24750]
[34100, 26950, 22000, 30250, 22050, 17550, 23400, 23400, 23400, 18900, 23400, 18900, 18900, 18900, 24750, 20250]
[34100, 26950, 22000, 30250, 22050, 17550, 23400, 23400, 18900, 23400, 18900, 23400, 18900, 18900, 24750, 20250]
[26950, 34100, 22000, 30250, 22050, 17550, 23400, 23400, 18900, 23400, 18900, 18900, 23400, 18900, 24750, 20250]
[26950, 34100, 22000, 30250, 22050, 17550, 23400, 23400, 23400, 18900, 23400, 18900, 18900, 18900, 24750, 20250]
[26950, 22000, 34100, 30250, 22050, 17550, 23400, 23400, 18900, 23400, 18900, 18900, 23400, 18900, 24750, 20250]
[15300, 15300, 15300, 15300, 20700, 20700, 20700, 20700, 20700, 20700, 20700, 20700, 20700, 22500, 9000]
[22400, 22400, 48000, 40000, 40000, 28000, 44000, 44000, 36000, 40000, 44000, 36000, 44000, 44000, 44000, 44000]
[27000, 27000, 27000, 27000, 27000, 27000, 27000, 27000, 27000, 27000, 27000, 27000, 27000, 27000, 27000, 27000, 27000]
[37800, 35100, 34200, 14400, 14400, 16650, 16650, 14850, 14850, 14850, 17550, 17100, 17100, 14850, 17100, 16650]
[16000, 12000, 12000, 15000, 15000, 10000, 10000, 20000, 24000, 20000, 20000, 24000, 20000, 24000, 20000, 24000]
[27000, 22500, 31500, 31500, 36000, 27000, 27000, 22500, 27000, 31500, 27000, 22500, 36000, 27000, 31500, 27000]
[23400, 23400, 23400, 23400, 22500, 22500, 22500, 22500, 22500, 14700, 14700, 14700, 14700, 14700, 14700, 14700]
[22750, 22750, 22750, 22750, 22750, 22750, 22750, 22750, 45500, 45500, 46200, 22750, 22750, 23450, 22750]
[23400, 23400, 23400, 23400, 22500, 22500, 22500, 22500, 22500, 14700, 14700, 14700, 14700, 14700, 14700, 14700]
[40000, 40000, 15000, 24600, 24600, 24600, 17400, 30000, 30000, 30000, 23400, 35400, 35400, 35400]
[33000, 21000, 19000, 19500, 21000, 24500, 18500, 17500, 21000, 18500, 19500, 19500, 17000, 21000, 18500, 16000, 21000]
[32000, 48000, 32000, 40000, 40000, 36000, 36000, 24000, 32000, 36000, 32000, 44000, 36000, 36000, 32000, 32000, 32000]
[33600, 33600, 32200, 33600, 31500, 31500, 33600, 31500, 33600, 31500, 31500, 31500, 31500, 31500, 31500, 31500]
[18550, 22400, 18900, 20650, 18550, 18200, 18200, 20650, 18200, 18200, 18200, 18550, 18200, 18200, 18200, 22400, 18900]
[18550, 22400, 20650, 18200, 18200, 18200, 22400, 18550, 18550, 20650, 20650, 18200, 18200, 20300, 18200, 18550, 18200]
[18550, 18900, 22400, 22400, 20650, 18200, 18200, 18550, 18550, 18200, 20650, 18200, 18200, 20650, 20300, 18200, 20650]
[18800, 39200, 39200, 39200, 10400, 34800, 22000, 20000, 20000, 20000, 24800, 18000, 22000, 26000, 20000, 18000]
[39900, 39900, 21000, 21000, 28000, 28000, 31500, 38500, 35000, 38500, 38500, 28000, 29400, 28000]
[45100, 48400, 48400, 18700, 39000, 27500, 29700, 28600, 28600, 27500, 29700, 28600, 22550, 28050, 24200]
[14000, 18200, 37100, 22050, 15750, 21350, 15750, 19950, 18550, 22050, 21000, 17850, 15050, 18550, 15050]
[34300, 34300, 20650, 19250, 17150, 17150, 17150, 18550, 17150, 17150, 17150, 15050, 17150, 13650, 16450, 18550, 13650]
[21450, 23100, 23100, 23100, 23100, 24750, 24750, 24750, 24750, 24750, 23100, 24750, 24750, 23100]
[45500, 46200, 45500, 22750, 22750, 22750, 22750, 22750, 22750, 22750, 22750, 22750, 22750, 22750, 23450]
[45500, 46200, 45500, 22750, 22750, 22750, 22750, 22750, 22750, 22750, 22750, 22750, 22750, 22750, 23450]
[45500, 46200, 45500, 22750, 22750, 22750, 22750, 22750, 22750, 22750, 22750, 22750, 22750, 22750, 23450]
[45500, 46200, 45500, 22750, 22750, 22750, 22750, 22750, 22750, 22750, 22750, 22750, 22750, 22750, 23450]
[23000, 23000, 23000, 18500, 20000, 18500, 18500, 20000, 18500, 20000, 20000, 18500, 18500, 21000, 28500, 28500]
[45500, 46200, 45500, 22750, 22750, 22750, 22750, 22750, 22750, 22750, 22750, 22750, 22750, 22750, 23450, 22750]
[22750, 22750, 22750, 22750, 22750, 22750, 22750, 22750, 22750, 22750, 22750, 23450, 22750, 22750, 22750, 20650]
[45500, 46200, 45500, 22750, 22750, 22750, 22750, 22750, 22750, 22750, 22750, 22750, 22750, 22750, 23450]
[45500, 46200, 45500, 22750, 22750, 22750, 22750, 22750, 22750, 22750, 23450, 22750, 22750, 22750, 20650, 20650]
[45500, 45500, 46200, 22750, 22750, 22750, 22750, 22750, 22750, 22750, 22750, 22750, 22750, 22750, 22750]
[45500, 46200, 45500, 22750, 22750, 22750, 22750, 22750, 22750, 22750, 22750, 22750, 22750, 22750, 22750, 23450]
[17150, 45500, 46200, 45500, 45500, 46200, 45500, 22750, 22750, 22750, 22750, 22750, 22750, 22750, 22750]
[19950, 46200, 46200, 47250, 22750, 22750, 22750, 22750, 22750, 22750, 22050, 22750, 23450, 22750, 22750]
[45500, 45500, 46200, 45500, 22750, 22750, 22750, 22750, 22750, 22750, 22750, 23450, 22750, 22750, 20650]
[46200, 45500, 45500, 22750, 22750, 22750, 22750, 22750, 22750, 22750, 22750, 22750, 22750, 22750, 22750]
[45500, 46200, 45500, 22750, 22750, 22750, 22750, 22750, 22750, 22750, 22750, 22750, 22750, 22750, 23450]
[45500, 46200, 45500, 22750, 22750, 22750, 22750, 22750, 22750, 22750, 22750, 22750, 22750, 22750, 23450]
[49600, 46400, 46400, 23600, 22800, 22800, 22800, 23600, 22800, 19600, 19600, 18000, 19600, 23600, 20400, 19600]
[23000, 23000, 23000, 18500, 18500, 18500, 20000, 18500, 20000, 20000, 20000, 18500, 18500, 21000, 28500, 28500]
[23000, 23000, 23000, 20000, 20000, 20000, 18500, 18500, 18500, 20000, 18500, 18500, 18500, 21000, 28500, 28500]
[23000, 23000, 23000, 18500, 20000, 18500, 20000, 20000, 18500, 18500, 18500, 18500, 21000, 20000, 28500, 28500]
[23000, 23000, 23000, 18500, 20000, 20000, 18500, 18500, 18500, 20000, 21000, 18500, 18500, 20000, 28500, 28500]
[23000, 23000, 23000, 18500, 18500, 18500, 20000, 20000, 18500, 18500, 20000, 18500, 20000, 21000, 28500, 28500]
[23000, 23000, 23000, 20000, 18500, 20000, 18500, 18500, 18500, 20000, 21000, 20000, 18500, 18500, 28500, 28500]
[23000, 23000, 23000, 20000, 18500, 18500, 18500, 20000, 21000, 18500, 18500, 18500, 20000, 20000, 28500, 28500]
[23000, 23000, 23000, 18500, 20000, 20000, 20000, 18500, 18500, 21000, 18500, 18500, 20000, 18500, 28500, 28500]
[23000, 23000, 23000, 20000, 20000, 18500, 18500, 18500, 18500, 18500, 20000, 20000, 21000, 18500, 28500, 28500]
[40000, 23000, 23000, 23000, 20000, 18500, 20000, 18500, 18500, 18500, 18500, 20000, 18500, 20000, 21000]
[23000, 23000, 23000, 18500, 20000, 18500, 20000, 18500, 18500, 18500, 21000, 20000, 20000, 18500, 28500, 28500]
[23000, 23000, 23000, 18500, 20000, 20000, 18500, 20000, 18500, 18500, 18500, 20000, 21000, 18500, 28500, 28500]
[23000, 23000, 23000, 20000, 18500, 18500, 18500, 20000, 20000, 18500, 21000, 18500, 20000, 18500, 28500, 28500]
[27000, 43000, 21500, 23500, 23500, 22500, 21500, 24500, 20000, 24500, 24500, 23500, 23500, 22500, 22500]
[23000, 23000, 23000, 20000, 20000, 18500, 20000, 18500, 18500, 18500, 18500, 21000, 20000, 18500, 28500, 28500]
[23000, 23000, 23000, 20000, 20000, 18500, 20000, 18500, 21000, 18500, 18500, 20000, 18500, 18500, 28500, 28500]
[23000, 23000, 23000, 20000, 18500, 20000, 18500, 18500, 20000, 20000, 18500, 21000, 18500, 18500, 28500, 28500]
[23000, 23000, 23000, 20000, 18500, 18500, 20000, 18500, 18500, 20000, 18500, 18500, 20000, 21000, 28500, 28500]
[23000, 23000, 23000, 20000, 18500, 20000, 20000, 18500, 20000, 18500, 18500, 18500, 18500, 21000, 28500, 28500]
[23000, 23000, 23000, 18500, 18500, 20000, 20000, 18500, 18500, 18500, 20000, 21000, 20000, 18500, 28500, 28500]
[23000, 23000, 23000, 20000, 20000, 18500, 20000, 18500, 18500, 18500, 20000, 21000, 18500, 18500, 28500, 28500]
[23000, 23000, 23000, 20000, 18500, 18500, 18500, 20000, 20000, 18500, 20000, 18500, 18500, 21000, 28500, 28500]
[31200, 31200, 42400, 25600, 42400, 29600, 31200, 29600, 31200, 29600, 31200, 29600, 32000, 37600, 31200, 37600]
[31200, 31200, 42400, 25600, 42400, 29600, 31200, 29600, 29600, 31200, 31200, 32000, 29600, 37600, 31200, 37600]
[12000, 8000, 16000, 20000, 12000, 24000, 12000, 16000, 24000, 20000, 20000, 16000, 20000, 20000, 20000, 20000]
[28800, 28800, 28800, 19800, 21000, 19800, 19800, 16800, 19200, 16200, 24000, 16200, 21000, 19200, 19200, 19200]
[24500, 24500, 24500, 24500, 24500, 49000, 24500, 28000, 28000, 28000, 28000, 24500, 28000, 28000, 28000, 28000]
[12000, 12000, 16000, 20000, 24000, 12000, 8000, 20000, 16000, 20000, 16000, 20000, 20000, 20000, 24000, 20000]
[12000, 8000, 16000, 20000, 12000, 12000, 24000, 16000, 24000, 20000, 20000, 20000, 20000, 16000, 20000, 20000]
[31500, 23100, 29400, 29400, 31500, 26600, 23100, 18900, 39900, 25200, 27300, 31500, 37800, 23800, 34300, 34300]
[26950, 21450, 28600, 23100, 28600, 28600, 23100, 23100, 28600, 23100, 24750, 30250, 24750, 30250, 24750, 30250]
[43000, 43000, 43000, 43000, 43000, 43000, 43000, 33000, 33000, 33000, 43000, 33000, 33000, 33000, 33000, 43000]
[20000, 25000, 30000, 18000, 25000, 35000, 30000, 30000, 40000, 40000, 40000, 40000, 25000, 25000, 25000, 25000]
[20000, 30000, 30000, 30000, 18000, 18000, 18000, 22500, 31500, 31500, 31500, 31500, 31500, 31500, 31500]
[23750, 38000, 21850, 42750, 33250, 38000]
[19000, 22000, 19000, 22000, 22000, 19000, 22000, 19000, 22000, 19000, 19000, 19000, 19000, 19000, 19000, 19000]
[97000, 25000, 22000, 25000, 22000, 27600, 27600, 26000, 25000, 22000, 25000, 12000, 12000, 12000, 12000]
[22950, 24750, 21150, 21150, 20250, 20250, 21150, 23850, 20250, 19350, 19350, 25650, 22050, 21150, 23850]
[20250, 22950, 20250, 20250, 20250, 20250, 21150, 23850, 20250, 20250, 20250, 23850, 21150, 19350]
[22950, 20250, 20250, 20250, 20250, 21150, 23850, 21150, 20250, 21150, 19350, 23850, 20250, 19350, 20250]
[22950, 24750, 21150, 21150, 20250, 20250, 20250, 21150, 23850, 19350, 19350, 25650, 22050, 21150, 20250]
[22950, 20250, 20250, 20250, 20250, 21150, 21150, 23850, 20250, 20250, 20250, 23850, 19350, 19350, 21150]
[22950, 20250, 20250, 20250, 20250, 21150, 21150, 23850, 20250, 20250, 23850, 19350, 20250, 21150, 19350]
[15000, 15000, 10000, 10000, 29750, 10000, 15000, 25500, 25500, 29750, 29750, 25000, 15000, 25000]
[31500, 27000, 27000, 27000, 27000, 31500, 27000, 27000, 27000, 27000, 27000, 27000, 27000, 27000, 27000, 27000, 27000]
[27000, 31500, 27000, 27000, 27000, 27000, 27000, 27000, 27000, 27000, 27000, 27000, 27000, 31500, 27000, 27000, 27000]
[27000, 31500, 31500, 27000, 27000, 27000, 27000, 27000, 27000, 27000, 27000, 27000, 27000, 27000, 27000, 27000, 27000]
[27000, 31500, 27000, 27000, 31500, 27000, 27000, 27000, 27000, 27000, 27000, 27000, 27000, 27000, 27000, 27000, 27000]
[27000, 27000, 27000, 27000, 31500, 27000, 27000, 27000, 27000, 27000, 27000, 27000, 27000, 27000, 27000, 27000, 27000]
[45000, 45000, 45000, 45000, 45000, 45000, 45000, 45000, 45000, 45000, 45000, 45000, 45000, 45000, 45000, 45000, 45000]
[24000, 25500, 21500, 21500, 20000, 21500, 25500, 25500, 21500, 21500, 25500, 25500, 28000, 24000, 28000, 24500]
[24000, 21500, 20000, 25500, 21500, 25500, 21500, 25500, 21500, 25500, 21500, 25500, 28000, 28500, 28000, 24000]
[69300, 64700, 64700, 69300, 17500, 17500, 17500, 14000, 43400, 42000, 42000, 40600, 21000, 21000, 24500]
[69300, 64700, 69300, 64700, 17500, 17500, 14000, 17500, 42000, 43400, 42000, 40600, 21000, 26600, 26600]
[69300, 64700, 64700, 69300, 17500, 17500, 17500, 14000, 43400, 42000, 42000, 40600, 21000, 21000, 24500]
[69300, 64700, 69300, 64700, 17500, 17500, 17500, 14000, 43400, 42000, 42000, 40600, 21000, 21000, 34300]
[69300, 64700, 64700, 69300, 43400, 42000, 42000, 40600, 17500, 17500, 17500, 14000, 21000, 26600]
[21000, 21000, 21000, 25900, 26600, 25900, 25900, 29400, 31500, 27300, 69300, 69300, 64700, 64700]
[64700, 64700, 17500, 17500, 17500, 14000, 43400, 42000, 42000, 40600, 21000, 21000, 24500, 26600, 34300]
[69300, 69300, 64700, 64700, 17500, 17500, 17500, 14000, 43400, 42000, 42000, 40600, 21000, 21000, 24500]
[220150, 160650, 109650, 92650, 67150, 152150, 475150, 279650, 475150, 500650, 398650, 475150, 500650, 500650, 500650, 738650, 764150]
[34500, 41700, 39300, 26700, 25500, 23700, 25500, 21300, 18600, 22500, 19500, 19500, 16500, 16500, 19500, 21300]
[37500, 40800, 35700, 21300, 18900, 15300, 21300, 15900, 17700, 17700, 17700, 17700, 17100, 15900, 23700, 17700]
[39900, 34500, 41700, 39300, 26700, 23700, 25500, 25500, 21300, 21300, 22500, 19500, 19500, 16500, 19500, 17700]
[42300, 41100, 39000, 25500, 17700, 19800, 18900, 18900, 19500, 19800, 20700, 19500, 21900, 19500, 20700, 20700, 20100]
[34500, 41700, 39300, 23700, 25500, 26700, 25500, 22500, 21300, 18600, 19500, 19500, 19500, 16500, 17700, 21300]
[41100, 42300, 39000, 21900, 20700, 20700, 20700, 29700, 21900, 22800, 21900, 22500, 22500, 23100, 24300]
[40800, 37500, 35700, 15300, 17700, 15900, 17700, 17700, 17100, 21300, 17700, 17700, 17100, 21300, 18900]
[34500, 41700, 39300, 26700, 25500, 25500, 23700, 18600, 21300, 22500, 19500, 19500, 19500, 17700, 21300, 16500]
[42300, 41100, 39000, 19800, 20700, 19500, 19500, 20700, 20700, 21900, 22800, 22500, 22500, 23100, 17100]
[34500, 41700, 39300, 26700, 25500, 25500, 23700, 18600, 22500, 21300, 19500, 16500, 16500, 21300, 17700, 19500]
[52800, 50400, 22800, 19800, 22800, 27000, 23400, 22200, 22200, 19800, 19800, 22200, 29400, 22800, 23400, 25200]
[54000, 54000, 22200, 25200, 27000, 18000, 18000, 22800, 23400, 15000, 15000, 15000, 12000, 36000, 36000]
[19800, 27000, 16200, 25800, 22800, 33000, 21600, 29400, 21600, 27000, 20400, 34200, 28800, 16200, 20400, 19800]
[15750, 15750, 15750, 15750, 15750, 16450, 18550, 16450, 18550, 16450, 14000, 14000, 15050, 15050, 15750, 12950]
[22750, 22750, 22750, 22750, 22750, 22750, 22750, 22750, 46200, 45500, 45500, 22750, 22750, 23450, 22750]
[22500, 26100, 29250, 27000, 27000, 21150, 15750, 23850, 20250, 19350, 15750, 19350, 22500, 15750, 19350, 19350]
[22800, 19800, 23400, 30000, 22200, 19800, 22200, 19800, 22800, 22800, 22800, 22200, 25200, 22800, 23400, 25200]
[27300, 29250, 29250, 31850, 27300, 29250, 24700, 25350, 27300, 27300, 22750, 31850, 24050, 24050, 25350, 20800, 25350]
[45000, 49500, 49500, 49500, 49500, 45000, 45000, 45000, 45000, 53100, 53100, 53100, 49500, 53100, 53100]
[50400, 52800, 19800, 22200, 23400, 22200, 19800, 19800, 22200, 22800, 27000, 22800, 29400, 22800, 25200, 23400]
[50400, 52800, 22800, 19800, 19800, 22200, 22200, 23400, 27000, 19800, 22800, 22200, 22800, 29400, 23400, 25200]
[52800, 50400, 22800, 19800, 19800, 22200, 22200, 23400, 27000, 22800, 19800, 22200, 22800, 29400, 23400, 25200]
[50400, 52800, 22800, 19800, 19800, 22200, 22200, 23400, 27000, 22800, 19800, 22200, 22800, 29400, 23400, 25200]
[52800, 50400, 22800, 19800, 19800, 22200, 22200, 22800, 23400, 19800, 27000, 22200, 29400, 22800, 23400, 25200]
[50400, 52800, 19800, 22200, 23400, 22200, 19800, 19800, 22200, 22800, 27000, 22800, 29400, 22800, 25200, 23400]
[52800, 50400, 19800, 22200, 23400, 22200, 19800, 19800, 22800, 22200, 22800, 27000, 22800, 29400, 25200, 23400]
[52800, 50400, 22800, 19800, 19800, 22200, 22200, 27000, 22800, 23400, 19800, 29400, 22200, 22800, 25200, 23400]
[52800, 50400, 22800, 19800, 19800, 22800, 22200, 23400, 19800, 22200, 27000, 22200, 29400, 22800, 25200, 23400]
[52800, 50400, 19800, 22200, 23400, 22200, 19800, 19800, 22200, 22800, 22800, 27000, 29400, 22800, 25200, 23400]
[52800, 50400, 22800, 19800, 19800, 23400, 22200, 22200, 27000, 19800, 22200, 22800, 29400, 22800, 23400, 25200]
[50400, 52800, 22800, 19800, 19800, 22200, 22200, 23400, 22800, 27000, 19800, 22200, 29400, 22800, 25200, 23400]
[50400, 52800, 22800, 19800, 23400, 22200, 22200, 22800, 27000, 19800, 19800, 22200, 29400, 22800, 23400, 25200]
[52800, 50400, 22800, 19800, 19800, 23400, 22200, 22200, 22200, 27000, 22800, 22800, 19800, 29400, 23400, 25200]
[52800, 50400, 22800, 19800, 23400, 19800, 22200, 22200, 27000, 22200, 22800, 19800, 29400, 22800, 25200, 23400]
[52800, 50400, 22800, 19800, 22800, 19800, 22200, 27000, 23400, 22200, 19800, 22200, 29400, 22800, 25200, 22800]
[52800, 50400, 19800, 22200, 22200, 22800, 23400, 19800, 19800, 22200, 22800, 27000, 22800, 29400, 25200, 23400]
[52800, 50400, 22800, 19800, 19800, 22200, 22800, 22200, 23400, 22200, 27000, 19800, 29400, 22800, 23400, 25200]
[52800, 50400, 22800, 22200, 19800, 22200, 19800, 22800, 23400, 22200, 27000, 29400, 22800, 19800, 23400, 25200]
[52800, 50400, 19800, 22200, 23400, 19800, 22200, 19800, 22800, 22200, 27000, 22800, 22800, 29400, 25200, 23400]
[50400, 52800, 22800, 19800, 19800, 23400, 22200, 22200, 27000, 22200, 22800, 19800, 22800, 29400, 23400, 25200]
[50400, 52800, 19800, 22200, 22200, 23400, 19800, 19800, 22800, 22200, 27000, 22800, 22800, 29400, 23400, 25200]
[50400, 52800, 22800, 19800, 19800, 27000, 23400, 22200, 22800, 22200, 19800, 22800, 22200, 29400, 25200, 22800]
[52800, 50400, 22800, 19800, 22200, 23400, 22200, 19800, 19800, 22800, 27000, 22200, 29400, 22800, 23400, 25200]
[52800, 50400, 19800, 22800, 22200, 22200, 19800, 23400, 19800, 22800, 22200, 27000, 22800, 29400, 25200, 23400]
[50400, 52800, 22800, 19800, 19800, 22800, 27000, 22200, 22200, 23400, 22200, 19800, 22800, 29400, 25200, 22800]
[50400, 52800, 22800, 19800, 22200, 23400, 27000, 22200, 19800, 19800, 22800, 22200, 29400, 22800, 22800, 23400]
[50400, 52800, 19800, 22800, 22800, 27000, 23400, 22200, 22200, 19800, 22200, 19800, 29400, 22800, 23400, 25200]
[50400, 52800, 19800, 22800, 22200, 23400, 22200, 19800, 27000, 19800, 22200, 22800, 29400, 22800, 25200, 23400]
[23400, 25200, 22800, 23400, 25200, 25200, 22200, 21000, 20400, 29400, 15000, 19200, 25200, 22200, 25200, 27000, 25200]
[50400, 52800, 19800, 22800, 22200, 22200, 23400, 22800, 19800, 27000, 19800, 22200, 29400, 22800, 22800, 23400]
[50400, 52800, 19800, 22200, 23400, 22200, 19800, 19800, 22200, 22800, 22800, 27000, 29400, 22800, 25200, 23400]
[50400, 52800, 19800, 22800, 22200, 22200, 23400, 19800, 27000, 19800, 22800, 22200, 22800, 29400, 23400, 25200]
[52800, 50400, 19800, 22200, 23400, 22200, 19800, 19800, 22200, 22800, 22800, 27000, 22800, 29400, 25200, 23400]
[50400, 52800, 19800, 22800, 23400, 22200, 19800, 19800, 22200, 27000, 22200, 22800, 22800, 29400, 23400, 22800]
[50400, 52800, 19800, 22200, 23400, 19800, 22200, 19800, 22200, 22800, 22800, 27000, 29400, 22800, 25200, 23400]
[50400, 52800, 19800, 22200, 23400, 22200, 19800, 19800, 22200, 22800, 22800, 27000, 22800, 29400, 25200, 23400]
[52800, 50400, 19800, 22200, 22800, 22200, 23400, 19800, 19800, 22800, 22200, 27000, 22800, 29400, 25200, 22800]
[50400, 52800, 19800, 22200, 23400, 19800, 22200, 19800, 22200, 22800, 22800, 27000, 29400, 22800, 25200, 23400]
[52800, 50400, 22800, 19800, 22200, 23400, 19800, 19800, 22200, 22800, 27000, 22200, 22800, 29400, 22800, 25200]
[50400, 52800, 22800, 19800, 19800, 27000, 22800, 23400, 22200, 19800, 22200, 22200, 22800, 29400, 23400, 25200]
[20000, 20000, 20000, 20000, 20000, 20000, 20000, 20000, 20000, 20000, 20000, 20000, 20000, 20000, 20000]
[48750, 52500, 45000, 26250, 22500, 26250, 25000, 18750, 22500, 26250, 22500, 30000, 59000, 69000]
[30000, 25000, 35000, 35000, 35000, 65000, 25000, 30000, 30000, 25000, 40000, 50000, 45000, 30000, 30000]
[28800, 28800, 28800, 33600, 33600, 32000, 30400, 18400, 38400, 18400, 30400, 33600, 38400, 33600, 36800, 30400, 33600]
[52000, 34000, 37000, 27000, 29000, 15000, 15000, 18000, 18000, 18000, 18000, 15000, 15000, 15000]
[21000, 21000, 21000, 36000, 39000, 36000, 39000, 39000, 36000, 39000, 36000, 48000, 50000, 48000, 48000, 48000]
[50000, 16250, 22750, 16250, 22750, 16250, 29250, 16250, 22750, 22750, 22750, 16250, 16250, 22750, 19500, 22750]
[50000, 29000, 29000, 29000, 29000, 29000, 29000, 28000, 28000, 28000, 28000, 28000, 28000, 28000, 28000, 28000]
[88000, 56000, 95000, 100000, 80000, 24000, 44000, 44000, 48000, 44000, 20000, 24000, 40000, 40000, 45000, 44000, 32000]
[29250, 21150, 24750, 24750, 24750, 24750, 19350, 21150, 19350, 43000, 26550, 26550, 26550, 26550, 26550]
[43000, 26550, 26550, 21150, 25650, 21150, 25650, 25650, 26550, 19350, 23850, 26550, 25650, 19350, 26550, 23850]
[36000, 52000, 40000, 40000, 40000, 44000, 44000, 44000, 44000, 44000, 40000, 44000, 40000, 40000, 40000, 52000, 52000]
[25000, 25000, 9600, 9600, 16000, 9600, 16000, 21600, 9600, 16000, 14400, 14400, 20000, 9600, 9600, 20000]
[33000, 21000, 19000, 19500, 24500, 21000, 18500, 17500, 18500, 17000, 19500, 21000, 19500, 18500, 12500, 21000, 21000]
[17500, 17500, 17500, 12600, 12600, 12600, 21000, 21000, 21000, 21000, 21000, 21000, 21000, 21000, 21000]
[35000, 14000, 14000, 22000, 23600, 22800, 22000, 19600, 18000, 17200, 17200, 17200, 17200, 17200]
[12000, 35000, 18000, 18000, 22000, 22000, 22800, 22800, 19600, 19600, 21200, 19600, 19600, 19600]
[22500, 27000, 32400, 35100, 32400, 20700, 31500, 31500, 35100, 32400, 23400, 27000, 29700, 40500, 36000, 23400]
[25000, 25000, 25000, 20000, 62000, 60000, 60000, 58000, 30000, 30000, 35000, 38000, 49000, 35000, 30000, 52000]
[38000, 12000, 21000, 19000, 19500, 21000, 24500, 21000, 18500, 19500, 18500, 17500, 18500, 21000, 17000, 19500, 18500]
[24000, 20000, 25500, 25500, 21500, 25500, 21500, 25500, 21500, 25500, 21500, 21500, 28000, 24000, 28000, 24000]
[38500, 44000, 43500, 21000, 19500, 19000, 21000, 24500, 19000, 18500, 18500, 21000, 12000, 18500, 17000, 18500, 19500]
[16500, 19500, 16500, 16500, 12500, 21000, 19000, 19500, 12000, 18500, 21000, 19500, 16000, 12500, 19500, 19500]
[24500, 27300, 31500, 12000, 12000, 12250, 12250, 12250, 12250, 12250, 12250, 12250, 12250, 12250, 12250, 12250, 12250]
[36000, 35400, 33000, 17700, 16500, 18900, 17100, 16500, 16500, 16500, 18300, 16500, 16500, 15000, 13500, 16500]
[26400, 36000, 12000, 33000, 35400, 26400, 37200, 17700, 16500, 17100, 18900, 16500, 16500, 18300, 16500]
[42000, 30800, 38500, 12000, 30800, 41300, 20650, 19250, 19950, 22050, 19250, 19950, 21350, 19250, 19250, 19250]
[12000, 26400, 36000, 35400, 26400, 33000, 17700, 16500, 17100, 18900, 16500, 18300, 17100, 16500, 16500, 16500]
[12000, 12000, 12000, 12000, 12000, 12000, 12000, 12000, 12000, 12000, 12000, 12000, 12000, 12000, 12000, 12000]
[19500, 19500, 18000, 15000, 18000, 18000, 18000, 15000, 18000, 15000, 15900, 16500, 16500, 17100, 17100, 16500]
[5000, 12000, 5000, 5000, 5000, 22500, 22500, 27000, 22500, 22500, 22500, 22500, 22500, 22500, 27000, 22500]
[19500, 21000, 21000, 21000, 21000, 24500, 21000, 26000, 26000, 26000, 26000, 29500, 29500, 26000, 24500, 29500]
[19500, 21000, 21000, 21000, 21000, 21000, 12000, 12000, 12000, 12000, 21000, 16000, 16000, 12000, 16000]
[19500, 21000, 21000, 21000, 21000, 24500, 21000, 26000, 26000, 24500, 24500, 24500, 29500, 29500, 26000, 29500]
[19500, 21000, 21000, 21000, 21000, 24500, 26000, 21000, 26000, 26000, 26000, 29500, 24500, 26000, 29500, 24500]
[21000, 19500, 19500, 21000, 19500, 19500, 21000, 19500, 18000, 19500, 21000, 19500, 19500, 22000, 23000, 12000, 19500]
[28000, 24000, 28000, 24000, 28000, 28500, 24000, 24500, 28500, 28500, 24500, 24500, 28500, 28500, 24500, 24500]
[24000, 20000, 25500, 25500, 25500, 25500, 21500, 21500, 25500, 21500, 21500, 21500, 28000, 24000, 28000, 24500]
[24000, 20000, 25500, 28000, 24000, 25500, 25500, 21500, 28000, 24000, 25500, 24500, 28500, 21500, 28500, 21500, 24000]
[24000, 20000, 25500, 25500, 21500, 25500, 21500, 25500, 21500, 25500, 21500, 21500, 28000, 24000, 28500, 28500]
[24000, 20000, 28000, 24000, 28000, 25500, 24000, 25500, 28000, 25500, 24000, 28500, 21500, 28500, 28500, 24500, 25500]
[24000, 20000, 25500, 25500, 25500, 25500, 21500, 21500, 21500, 21500, 25500, 21500, 28000, 24000, 28000, 28500]
[20000, 24000, 20000, 25500, 25500, 25500, 25500, 25500, 21500, 21500, 21500, 21500, 21500, 28000, 24000, 28500]
[71000, 27000, 74000, 76000, 33000, 54000, 36000, 42000, 12000, 42000, 45000, 33000, 33000, 27000, 57000, 45000]
[24000, 20000, 25500, 25500, 25500, 21500, 25500, 21500, 25500, 21500, 21500, 21500, 28000, 28000, 24000, 24500]
[24000, 20000, 25500, 25500, 25500, 25500, 21500, 21500, 21500, 25500, 21500, 21500, 28000, 24000, 28000, 28500]
[20000, 24000, 20000, 28000, 24000, 25500, 28000, 25500, 24000, 24000, 28000, 25500, 21500, 28500, 25500, 21500, 28500]
[24000, 20000, 25500, 25500, 25500, 21500, 21500, 25500, 25500, 21500, 21500, 21500, 28000, 24000, 28000, 24000]
[12000, 25650, 23400, 24750, 24300, 23400, 23400, 23400, 24750, 23400, 24750, 25650, 24750, 25200, 24750]
[24000, 20000, 25500, 25500, 25500, 21500, 25500, 21500, 21500, 25500, 21500, 21500, 24000, 28000, 24000, 28000]
[24000, 25500, 25500, 25500, 20000, 25500, 21500, 21500, 21500, 21500, 25500, 21500, 28000, 24500, 24500, 24500]
[28000, 24000, 28000, 24000, 28500, 24000, 28000, 28500, 24500, 24500, 28500, 28500, 28500, 24500, 24500, 24500]
[20000, 24000, 20000, 28000, 24000, 25500, 28000, 25500, 24500, 25500, 21500, 28000, 25500, 21500, 24000, 28500, 24500]
[12000, 26000, 52000, 24000, 26000, 27000, 23500, 22000, 22000, 24000, 22000, 23000, 19500, 19500, 20500]
[1, 21000, 24000, 24000, 24000, 24000, 18000, 18000, 15000, 15000, 18000, 12000, 18000, 18000, 24000, 15000]
[26700, 25500, 25500, 25500, 25500, 25500, 25500, 25500, 25500, 19500, 19500, 14700, 14700, 17700, 14700, 14700]
[21000, 21000, 21000, 19500, 21000, 21000, 26000, 26000, 26000, 24500, 26000, 24500, 29500, 24500, 29500, 26000]
[27000, 18000, 22500, 22500, 27000, 27000, 22500, 27000, 22500, 27000, 36000, 27000, 31500, 27000, 27000]
[1439200, 1119200, 2799200, 1119200, 959200, 120000, 144000, 88000, 40000, 40000, 44000, 44000, 52000, 48000, 44000]
[27500, 27500, 30000, 41300, 42700, 31500, 30100, 28700, 31500, 30100, 32900, 38500, 31500, 39900, 31500]
[97500, 65000, 39000, 26000, 24700, 24700, 32500, 37700, 65000, 65000, 16250, 16250]
[20300, 20300, 20300, 20300, 20300, 38500, 41300, 38500, 24500, 41300, 24500, 34300, 34300, 34300, 34300]
[39000, 25000, 30000, 33000, 60000, 65000, 69000, 74000, 30000, 36000, 39000, 33000, 39000, 39000, 36000]
[26950, 26950, 21450, 28600, 28600, 23100, 28600, 28600, 23100, 23100, 23100, 30250, 24750, 30250, 30250, 24750]
[39600, 46200, 44550, 17600, 30250, 19800, 19800, 19800, 19800, 19800, 20900, 20900, 20900, 19800, 24750, 24750, 24750]
[28000, 36000, 36000, 28000, 31200, 44000, 35000, 35000, 45000, 39000, 45000, 65000, 55000, 50000]
[9000, 9000, 13500, 22500, 22500, 22500, 27000, 22500, 22500, 18000, 22500, 22500, 22500, 18000, 13500, 18000]
[52800, 50400, 22800, 23400, 19800, 22800, 22200, 27000, 22200, 22200, 19800, 19800, 29400, 22800, 22800, 23400]
[50000, 29000, 29000, 29000, 29000, 29000, 29000, 28000, 28000, 28000, 28000, 28000, 28000, 28000, 28000, 28000]
[31200, 31200, 31200, 31200, 31200, 25600, 25600, 25600, 25600, 25600, 25600, 31200, 31200, 31200, 23200]
[83400, 29400, 89400, 35400, 77400, 77400, 95400, 30000, 89400, 29400, 83400, 21000, 21000, 77400, 95400, 101400, 95400]
[32000, 16000, 20000, 8000, 20000, 16000, 24000, 20000, 22400]
[8000, 8000, 24000, 20000, 20000, 20000, 20000, 20000, 24000, 24000, 20000, 24000, 24000, 24000, 20000, 24000]
[16000, 18500, 16000, 16000, 18500, 16000, 19500, 18500, 16000, 18500, 18500, 18500, 18500, 18500, 18500, 22000]
[10000, 10000, 15000, 15000, 25000, 20000, 15000, 15000, 20000, 25000, 15000, 20000, 25000, 25000, 69000, 10000]
[31800, 29400, 34200, 34800, 31800, 28200, 28200, 27000, 28200, 28200, 27000, 27000, 27000, 34800, 28200]
[22500, 22500, 22500, 27000, 22500, 22500, 22500, 22500, 22500, 24750, 27000, 22500, 22500, 22500, 24750, 24750]
[23600, 19600, 21600, 23600, 21600, 20800, 23600, 23600, 19600, 23600, 21600, 19600, 19600, 20800, 19600, 19600, 23600]
[70000, 25000, 25000, 25000, 25000, 27500, 25000, 28500, 27500, 30000, 27500, 30000, 25000, 22500, 22500]
[30000, 50000, 30000, 60000, 15000, 15000, 30000, 25000, 30000, 30000, 25000, 25000, 25000, 30000, 25000, 25000]
[33000, 33000, 27000, 23400, 23400, 27000, 27000, 30000, 27000, 28200, 22800, 30000, 27000, 27000, 27000, 27000, 27000]
[39000, 37800, 41400, 41400, 41400, 36600, 39000, 35400, 35400, 41400, 41400, 34200, 41400, 37800, 35400]
[27300, 27300, 76300, 7000, 48300, 2100, 31500, 31500, 21000, 48300, 35000, 21000, 2100, 21000, 21000, 24500]
[60000, 60000, 60000, 20000, 20000, 20000, 20000, 20000, 20000, 20000, 20000, 25000, 20000, 25000, 30000, 19500]
[29500, 23000, 26000, 28000, 24500, 39500, 34500, 23000, 21000, 25500, 21000, 21000, 27500, 25500, 25500, 25500]
[25000, 30000, 25000, 30000, 30000, 16000, 17600, 22400, 20800, 20800, 34400, 25600, 30400, 14400, 30400]